0.000000 0 1
0.050000 0 0
0.100000 0 0
0.150000 0 0
0.200000 0 0
0.250000 0 0
0.300000 0 0
0.350000 0 0
0.400000 0 0
0.450000 0 0
0.500000 0 0
0.550000 0 0
0.600000 0 0
0.650000 0 0
0.700000 0 0
0.750000 0 0
0.800000 0 0
0.850000 0 0
0.900000 0 0
0.950000 0 0
1.000000 0 0
1.050000 0 0
1.100000 0 0
1.150000 0 0
1.200000 0 0
1.250000 0 0
1.300000 0 0
1.350000 0 0
1.400000 0 0
1.450000 0 0
1.500000 0 0
1.550000 0 0
1.600000 0 0
1.650000 0 0
1.700000 0 0
1.750000 0 0
1.800000 0 0
1.850000 17 0
1.900000 30 0
1.950000 39 0
2.000000 38 0
2.050000 44 0
2.100000 44 0
2.150000 39 0
2.200000 41 0
2.250000 39 0
2.300000 50 0
2.350000 70 0
2.400000 48 0
2.450000 0 0
2.500000 3 0
2.550000 10 0
2.600000 17 0
2.650000 32 0
2.700000 25 0
2.750000 28 0
2.800000 33 0
2.850000 41 0
2.900000 48 0
2.950000 54 0
3.000000 56 0
3.050000 60 0
3.100000 58 0
3.150000 69 0
3.200000 65 0
3.250000 71 0
3.300000 72 0
3.350000 62 0
3.400000 65 0
3.450000 67 0
3.500000 72 0
3.550000 70 0
3.600000 68 0
3.650000 80 0
3.700000 73 0
3.750000 73 0
3.800000 72 0
3.850000 67 0
3.900000 72 0
3.950000 71 0
4.000000 65 0
4.050000 65 0
4.100000 75 0
4.150000 70 0
4.200000 74 0
4.250000 76 0
4.300000 64 0
4.350000 67 0
4.400000 69 0
4.450000 75 0
4.500000 55 0
4.550000 67 0
4.600000 61 0
4.650000 61 0
4.700000 66 0
4.750000 64 0
4.800000 65 0
4.850000 61 0
4.900000 67 0
4.950000 61 0
5.000000 70 0
5.050000 64 0
5.100000 72 0
5.150000 77 0
5.200000 73 0
5.250000 73 0
5.300000 76 0
5.350000 66 0
5.400000 65 0
5.450000 76 0
5.500000 74 0
5.550000 70 0
5.600000 75 0
5.650000 83 0
5.700000 93 0
5.750000 93 0
5.800000 91 0
5.850000 88 0
5.900000 77 0
5.950000 89 0
6.000000 98 0
6.050000 89 0
6.100000 89 0
6.150000 93 0
6.200000 92 1
6.250000 99 0
6.300000 91 0
6.350000 78 0
6.400000 80 0
6.450000 87 0
6.500000 85 0
6.550000 92 0
6.600000 95 0
6.650000 96 0
6.700000 86 0
6.750000 81 0
6.800000 63 0
6.850000 78 0
6.900000 71 0
6.950000 68 0
7.000000 71 0
7.050000 65 0
7.100000 60 0
7.150000 63 0
7.200000 63 0
7.250000 56 0
7.300000 62 0
7.350000 52 0
7.400000 57 0
7.450000 58 0
7.500000 67 0
7.550000 68 0
7.600000 73 0
7.650000 76 0
7.700000 69 0
7.750000 71 0
7.800000 72 0
7.850000 75 0
7.900000 75 0
7.950000 73 0
8.000000 75 0
8.050000 73 0
8.100000 80 0
8.150000 70 0
8.200000 65 0
8.250000 76 0
8.300000 67 0
8.350000 74 0
8.400000 74 0
8.450000 81 0
8.500000 76 0
8.550000 75 0
8.600000 70 0
8.650000 68 0
8.700000 83 0
8.750000 73 0
8.800000 66 0
8.850000 72 0
8.900000 64 0
8.950000 64 0
9.000000 68 0
9.050000 67 0
9.100000 69 0
9.150000 81 0
9.200000 77 0
9.250000 85 0
9.300000 77 0
9.350000 79 0
9.400000 78 0
9.450000 78 0
9.500000 79 0
9.550000 72 0
9.600000 77 0
9.650000 79 0
9.700000 76 0
9.750000 78 0
9.800000 81 0
9.850000 83 0
9.900000 79 0
9.950000 82 0
10.000000 70 0
10.050000 70 0
10.100000 79 0
10.150000 73 0
10.200000 87 0
10.250000 78 0
10.300000 83 0
10.350000 84 0
10.400000 81 0
10.450000 71 0
10.500000 73 0
10.550000 83 0
10.600000 80 0
10.650000 78 0
10.700000 71 0
10.750000 71 0
10.800000 68 0
10.850000 67 0
10.900000 63 0
10.950000 66 0
11.000000 60 0
11.050000 60 0
11.100000 64 0
11.150000 71 0
11.200000 68 0
11.250000 64 0
11.300000 68 0
11.350000 67 0
11.400000 54 0
11.450000 69 0
11.500000 63 0
11.550000 63 0
11.600000 65 0
11.650000 61 0
11.700000 62 0
11.750000 67 0
11.800000 60 0
11.850000 52 0
11.900000 58 0
11.950000 52 0
12.000000 54 0
12.050000 57 0
12.100000 64 0
12.150000 18 0
12.200000 0 0
12.250000 0 0
12.300000 0 0
12.350000 0 0
12.400000 0 0
12.450000 0 0
12.500000 17 0
12.550000 33 0
12.600000 23 0
12.650000 30 0
12.700000 43 0
12.750000 46 0
12.800000 52 0
12.850000 60 0
12.900000 64 0
12.950000 76 0
13.000000 85 0
13.050000 82 0
13.100000 96 0
13.150000 107 0
13.200000 98 0
13.250000 98 0
13.300000 103 0
13.350000 110 0
13.400000 110 0
13.450000 103 0
13.500000 103 1
13.550000 90 0
13.600000 94 0
13.650000 108 0
13.700000 99 0
13.750000 100 0
13.800000 106 0
13.850000 99 0
13.900000 96 0
13.950000 91 0
14.000000 98 0
14.050000 96 0
14.100000 90 0
14.150000 101 0
14.200000 101 0
14.250000 93 0
14.300000 95 0
14.350000 95 0
14.400000 102 0
14.450000 103 0
14.500000 94 0
14.550000 92 0
14.600000 79 0
14.650000 93 0
14.700000 90 0
14.750000 91 0
14.800000 73 0
14.850000 69 0
14.900000 72 0
14.950000 68 0
15.000000 69 0
15.050000 69 0
15.100000 71 0
15.150000 84 0
15.200000 86 0
15.250000 86 0
15.300000 90 0
15.350000 97 0
15.400000 97 0
15.450000 92 0
15.500000 90 0
15.550000 92 0
15.600000 72 0
15.650000 82 0
15.700000 88 0
15.750000 81 0
15.800000 80 0
15.850000 94 0
15.900000 93 0
15.950000 95 0
16.000000 91 0
16.050000 92 0
16.100000 82 0
16.150000 83 0
16.200000 101 0
16.250000 92 0
16.300000 96 0
16.350000 90 0
16.400000 92 0
16.450000 90 0
16.500000 86 0
16.550000 88 0
16.600000 82 0
16.650000 75 0
16.700000 85 0
16.750000 83 0
16.800000 88 0
16.850000 90 0
16.900000 88 0
16.950000 84 0
17.000000 87 0
17.050000 87 0
17.100000 82 0
17.150000 80 0
17.200000 93 0
17.250000 94 0
17.300000 91 0
17.350000 93 0
17.400000 95 0
17.450000 96 0
17.500000 98 0
17.550000 94 0
17.600000 89 0
17.650000 75 0
17.700000 91 0
17.750000 85 0
17.800000 83 1
17.850000 91 0
17.900000 92 0
17.950000 88 0
18.000000 84 0
18.050000 86 0
18.100000 84 0
18.150000 69 0
18.200000 80 0
18.250000 75 0
18.300000 75 0
18.350000 85 0
18.400000 88 0
18.450000 91 0
18.500000 81 0
18.550000 85 0
18.600000 77 0
18.650000 69 0
18.700000 79 0
18.750000 77 0
18.800000 77 0
18.850000 86 0
18.900000 91 0
18.950000 89 0
19.000000 79 0
19.050000 76 0
19.100000 82 0
19.150000 76 0
19.200000 78 0
19.250000 71 0
19.300000 72 0
19.350000 75 0
19.400000 76 0
19.450000 77 0
19.500000 75 0
19.550000 70 0
19.600000 73 0
19.650000 61 0
19.700000 76 0
19.750000 67 0
19.800000 69 0
19.850000 69 0
19.900000 78 0
19.950000 84 0
20.000000 87 0
20.050000 86 0
20.100000 84 0
20.150000 76 0
20.200000 83 0
20.250000 91 0
20.300000 81 0
20.350000 90 0
20.400000 87 0
20.450000 96 0
20.500000 94 0
20.550000 91 0
20.600000 91 0
20.650000 79 0
20.700000 82 0
20.750000 96 0
20.800000 95 0
20.850000 97 0
20.900000 96 0
20.950000 89 0
21.000000 88 0
21.050000 97 0
21.100000 89 0
21.150000 95 0
21.200000 86 0
21.250000 96 0
21.300000 105 0
21.350000 95 0
21.400000 94 0
21.450000 95 0
21.500000 92 0
21.550000 91 0
21.600000 76 0
21.650000 85 0
21.700000 85 0
21.750000 80 0
21.800000 89 0
21.850000 86 0
21.900000 81 0
21.950000 91 0
22.000000 95 0
22.050000 98 0
22.100000 100 0
22.150000 74 0
22.200000 18 0
22.250000 0 0
22.300000 0 0
22.350000 0 0
22.400000 0 0
22.450000 0 0
22.500000 0 0
22.550000 3 0
22.600000 17 0
22.650000 31 0
22.700000 19 0
22.750000 21 0
22.800000 24 0
22.850000 29 0
22.900000 36 0
22.950000 42 0
23.000000 44 0
23.050000 57 0
23.100000 60 0
23.150000 64 0
23.200000 87 0
23.250000 100 0
23.300000 97 0
23.350000 102 0
23.400000 92 0
23.450000 84 0
23.500000 95 0
23.550000 96 0
23.600000 96 0
23.650000 83 1
23.700000 77 0
23.750000 95 0
23.800000 91 0
23.850000 94 0
23.900000 86 0
23.950000 90 0
24.000000 94 0
24.050000 87 0
24.100000 84 0
24.150000 77 0
24.200000 81 0
24.250000 82 0
24.300000 83 0
24.350000 91 0
24.400000 92 0
24.450000 77 0
24.500000 80 0
24.550000 78 0
24.600000 76 0
24.650000 64 0
24.700000 68 0
24.750000 71 0
24.800000 67 0
24.850000 71 0
24.900000 73 0
24.950000 77 0
25.000000 78 0
25.050000 82 0
25.100000 89 0
25.150000 85 0
25.200000 77 0
25.250000 88 0
25.300000 82 0
25.350000 85 0
25.400000 96 0
25.450000 88 0
25.500000 90 0
25.550000 96 0
25.600000 93 0
25.650000 84 0
25.700000 83 0
25.750000 94 0
25.800000 88 0
25.850000 93 0
25.900000 96 0
25.950000 94 0
26.000000 91 0
26.050000 97 0
26.100000 89 0
26.150000 86 0
26.200000 73 0
26.250000 89 0
26.300000 89 0
26.350000 88 0
26.400000 84 0
26.450000 88 0
26.500000 84 0
26.550000 68 0
26.600000 72 0
26.650000 71 0
26.700000 67 0
26.750000 76 0
26.800000 74 0
26.850000 69 0
26.900000 75 0
26.950000 76 0
27.000000 77 0
27.050000 77 0
27.100000 82 0
27.150000 87 0
27.200000 82 0
27.250000 72 0
27.300000 84 0
27.350000 78 0
27.400000 78 0
27.450000 84 0
27.500000 86 0
27.550000 80 0
27.600000 83 0
27.650000 90 0
27.700000 93 0
27.750000 85 0
27.800000 96 0
27.850000 105 0
27.900000 103 0
27.950000 98 0
28.000000 102 0
28.050000 101 0
28.100000 97 0
28.150000 103 0
28.200000 100 0
28.250000 88 0
28.300000 94 0
28.350000 108 0
28.400000 104 0
28.450000 100 0
28.500000 102 0
28.550000 100 0
28.600000 100 0
28.650000 101 0
28.700000 105 0
28.750000 93 0
28.800000 79 0
28.850000 93 0
28.900000 96 0
28.950000 96 0
29.000000 102 0
29.050000 104 0
29.100000 101 0
29.150000 94 0
29.200000 97 0
29.250000 93 0
29.300000 78 0
29.350000 90 0
29.400000 89 0
29.450000 86 0
29.500000 89 0
29.550000 85 0
29.600000 87 0
29.650000 82 0
29.700000 90 0
29.750000 88 0
29.800000 74 0
29.850000 84 0
29.900000 83 0
29.950000 88 0
30.000000 83 0
30.050000 81 0
30.100000 86 0
30.150000 82 0
30.200000 84 0
30.250000 83 0
30.300000 75 0
30.350000 83 0
30.400000 91 0
30.450000 88 0
30.500000 93 0
30.550000 91 0
30.600000 101 0
30.650000 101 0
30.700000 104 0
30.750000 97 0
30.800000 91 0
30.850000 90 0
30.900000 107 0
30.950000 92 0
31.000000 100 0
31.050000 105 0
31.100000 104 0
31.150000 103 0
31.200000 105 0
31.250000 97 0
31.300000 95 0
31.350000 84 0
31.400000 91 0
31.450000 88 0
31.500000 92 0
31.550000 87 0
31.600000 91 0
31.650000 85 0
31.700000 92 0
31.750000 88 0
31.800000 80 0
31.850000 78 0
31.900000 94 0
31.950000 83 0
32.000000 88 0
32.050000 91 0
32.100000 87 0
32.150000 81 0
32.200000 43 0
32.250000 0 0
32.300000 0 0
32.350000 0 0
32.400000 0 0
32.450000 0 0
32.500000 0 0
32.550000 0 0
32.600000 1 0
32.650000 6 0
32.700000 6 0
32.750000 12 0
32.800000 34 0
32.850000 34 0
32.900000 35 0
32.950000 51 0
33.000000 56 0
33.050000 67 0
33.100000 76 0
33.150000 87 0
33.200000 98 0
33.250000 100 0
33.300000 93 0
33.350000 103 0
33.400000 123 0
33.450000 103 0
33.500000 109 0
33.550000 104 0
33.600000 105 0
33.650000 100 0
33.700000 107 0
33.750000 95 0
33.800000 84 0
33.850000 97 0
33.900000 110 0
33.950000 111 0
34.000000 108 0
34.050000 108 0
34.100000 101 0
34.150000 100 0
34.200000 104 0
34.250000 96 0
34.300000 82 0
34.350000 98 0
34.400000 105 0
34.450000 100 0
34.500000 89 0
34.550000 88 0
34.600000 93 0
34.650000 92 0
34.700000 91 0
34.750000 83 0
34.800000 71 0
34.850000 86 0
34.900000 79 0
34.950000 77 0
35.000000 78 0
35.050000 82 0
35.100000 80 0
35.150000 77 0
35.200000 81 0
35.250000 80 0
35.300000 69 0
35.350000 72 0
35.400000 69 0
35.450000 72 0
35.500000 74 0
35.550000 79 0
35.600000 82 0
35.650000 82 0
35.700000 82 0
35.750000 80 0
35.800000 68 0
35.850000 77 0
35.900000 71 1
35.950000 70 0
36.000000 73 0
36.050000 73 0
36.100000 75 0
36.150000 73 1
36.200000 79 0
36.250000 71 0
36.300000 61 0
36.350000 75 0
36.400000 64 0
36.450000 63 0
36.500000 65 0
36.550000 66 0
36.600000 75 0
36.650000 71 0
36.700000 68 0
36.750000 58 0
36.800000 51 0
36.850000 48 0
36.900000 44 0
36.950000 50 0
37.000000 53 0
37.050000 56 0
37.100000 58 0
37.150000 60 0
37.200000 68 0
37.250000 66 0
37.300000 79 0
37.350000 69 0
37.400000 65 0
37.450000 58 0
37.500000 58 0
37.550000 59 0
37.600000 52 0
37.650000 61 0
37.700000 63 0
37.750000 64 0
37.800000 81 0
37.850000 75 0
37.900000 74 1
37.950000 77 0
38.000000 65 0
38.050000 66 0
38.100000 60 0
38.150000 54 0
38.200000 44 0
38.250000 47 0
38.300000 64 0
38.350000 49 0
38.400000 49 0
38.450000 39 0
38.500000 45 0
38.550000 35 0
38.600000 40 0
38.650000 44 0
38.700000 44 0
38.750000 52 0
38.800000 62 0
38.850000 59 0
38.900000 58 0
38.950000 61 0
39.000000 65 0
39.050000 68 0
39.100000 76 0
39.150000 75 0
39.200000 72 0
39.250000 60 0
39.300000 73 0
39.350000 65 0
39.400000 68 0
39.450000 69 0
39.500000 75 0
39.550000 72 0
39.600000 64 0
39.650000 50 0
39.700000 51 0
39.750000 63 0
39.800000 51 0
39.850000 47 0
39.900000 55 0
39.950000 50 0
40.000000 62 0
40.050000 62 0
40.100000 63 0
40.150000 58 0
40.200000 56 0
40.250000 62 0
40.300000 59 0
40.350000 55 0
40.400000 65 0
40.450000 70 0
40.500000 74 0
40.550000 73 0
40.600000 77 0
40.650000 83 0
40.700000 80 0
40.750000 69 0
40.800000 84 0
40.850000 80 0
40.900000 85 0
40.950000 90 0
41.000000 86 0
41.050000 90 0
41.100000 83 0
41.150000 87 0
41.200000 75 0
41.250000 77 0
41.300000 91 0
41.350000 87 0
41.400000 86 0
41.450000 86 0
41.500000 84 0
41.550000 90 0
41.600000 92 0
41.650000 89 0
41.700000 92 0
41.750000 82 0
41.800000 96 0
41.850000 95 0
41.900000 100 0
41.950000 100 0
42.000000 94 0
42.050000 100 0
42.100000 107 0
42.150000 104 0
42.200000 94 0
42.250000 76 0
42.300000 64 0
42.350000 2 0
42.400000 0 0
42.450000 0 0
42.500000 0 0
42.550000 0 0
42.600000 0 0
42.650000 0 0
42.700000 4 0
42.750000 2 0
42.800000 11 0
42.850000 12 0
42.900000 18 0
42.950000 24 0
43.000000 27 0
43.050000 44 0
43.100000 58 0
43.150000 50 0
43.200000 59 0
43.250000 59 0
43.300000 71 0
43.350000 77 0
43.400000 89 0
43.450000 98 0
43.500000 92 0
43.550000 86 0
43.600000 93 0
43.650000 102 0
43.700000 97 0
43.750000 101 0
43.800000 98 0
43.850000 103 0
43.900000 103 0
43.950000 102 0
44.000000 94 0
44.050000 90 0
44.100000 91 0
44.150000 103 0
44.200000 98 0
44.250000 101 0
44.300000 96 0
44.350000 95 0
44.400000 100 0
44.450000 92 0
44.500000 96 0
44.550000 77 0
44.600000 83 0
44.650000 92 0
44.700000 93 0
44.750000 96 0
44.800000 92 0
44.850000 93 0
44.900000 92 0
44.950000 98 0
45.000000 85 0
45.050000 72 0
45.100000 55 0
45.150000 74 0
45.200000 63 0
45.250000 73 0
45.300000 71 0
45.350000 75 0
45.400000 74 0
45.450000 81 0
45.500000 80 0
45.550000 79 0
45.600000 66 0
45.650000 79 0
45.700000 69 0
45.750000 77 0
45.800000 80 0
45.850000 77 0
45.900000 78 0
45.950000 90 0
46.000000 90 0
46.050000 91 0
46.100000 81 0
46.150000 88 0
46.200000 99 0
46.250000 85 0
46.300000 92 0
46.350000 93 0
46.400000 98 0
46.450000 98 0
46.500000 99 0
46.550000 95 0
46.600000 94 0
46.650000 81 0
46.700000 100 0
46.750000 93 0
46.800000 90 0
46.850000 91 0
46.900000 88 0
46.950000 92 0
47.000000 89 0
47.050000 94 0
47.100000 95 0
47.150000 85 0
47.200000 97 0
47.250000 103 0
47.300000 100 0
47.350000 101 0
47.400000 93 0
47.450000 92 0
47.500000 94 0
47.550000 99 0
47.600000 87 0
47.650000 74 0
47.700000 79 0
47.750000 84 0
47.800000 82 0
47.850000 89 0
47.900000 94 0
47.950000 97 0
48.000000 94 0
48.050000 95 0
48.100000 77 0
48.150000 65 0
48.200000 71 0
48.250000 74 0
48.300000 79 0
48.350000 85 0
48.400000 93 0
48.450000 100 0
48.500000 105 0
48.550000 102 0
48.600000 96 0
48.650000 89 0
48.700000 100 0
48.750000 112 0
48.800000 109 0
48.850000 110 0
48.900000 105 0
48.950000 105 0
49.000000 102 0
49.050000 102 0
49.100000 105 0
49.150000 99 0
49.200000 88 0
49.250000 103 0
49.300000 102 0
49.350000 105 0
49.400000 104 0
49.450000 103 0
49.500000 107 0
49.550000 104 0
49.600000 86 0
49.650000 85 0
49.700000 82 0
49.750000 96 0
49.800000 85 0
49.850000 86 0
49.900000 82 0
49.950000 90 0
50.000000 81 0
50.050000 88 0
50.100000 87 0
50.150000 78 0
50.200000 69 0
50.250000 78 0
50.300000 74 0
50.350000 70 0
50.400000 73 0
50.450000 77 0
50.500000 71 0
50.550000 73 0
50.600000 72 0
50.650000 72 0
50.700000 70 0
50.750000 79 0
50.800000 71 0
50.850000 73 0
50.900000 81 0
50.950000 84 0
51.000000 87 0
51.050000 84 0
51.100000 81 0
51.150000 79 0
51.200000 64 0
51.250000 81 0
51.300000 74 0
51.350000 74 0
51.400000 83 0
51.450000 85 0
51.500000 85 0
51.550000 81 0
51.600000 79 0
51.650000 81 0
51.700000 69 0
51.750000 81 0
51.800000 74 0
51.850000 76 0
51.900000 72 0
51.950000 73 0
52.000000 73 0
52.050000 77 0
52.100000 74 0
52.150000 78 0
52.200000 67 0
52.250000 85 0
52.300000 77 0
52.350000 80 0
52.400000 86 0
52.450000 83 0
52.500000 82 0
52.550000 52 0
52.600000 0 0
52.650000 0 0
52.700000 0 0
52.750000 0 0
52.800000 0 0
52.850000 0 0
52.900000 0 0
52.950000 2 0
53.000000 9 0
53.050000 9 0
53.100000 16 0
53.150000 25 0
53.200000 34 0
53.250000 23 0
53.300000 31 0
53.350000 39 0
53.400000 45 0
53.450000 52 0
53.500000 61 0
53.550000 62 0
53.600000 71 0
53.650000 63 0
53.700000 81 0
53.750000 84 0
53.800000 81 0
53.850000 74 0
53.900000 78 0
53.950000 84 0
54.000000 87 0
54.050000 81 0
54.100000 71 0
54.150000 64 0
54.200000 80 0
54.250000 81 0
54.300000 83 0
54.350000 93 0
54.400000 87 0
54.450000 85 0
54.500000 84 0
54.550000 81 0
54.600000 79 0
54.650000 71 0
54.700000 87 0
54.750000 82 0
54.800000 78 0
54.850000 76 0
54.900000 80 0
54.950000 81 0
55.000000 77 0
55.050000 78 0
55.100000 64 0
55.150000 67 0
55.200000 66 0
55.250000 65 0
55.300000 68 0
55.350000 75 0
55.400000 75 0
55.450000 75 0
55.500000 80 0
55.550000 71 0
55.600000 61 0
55.650000 71 0
55.700000 70 0
55.750000 72 0
55.800000 72 0
55.850000 78 0
55.900000 78 0
55.950000 81 0
56.000000 83 0
56.050000 77 0
56.100000 71 0
56.150000 84 0
56.200000 86 0
56.250000 89 0
56.300000 90 0
56.350000 88 0
56.400000 88 0
56.450000 89 0
56.500000 92 0
56.550000 83 0
56.600000 73 0
56.650000 89 0
56.700000 87 0
56.750000 89 0
56.800000 85 0
56.850000 79 0
56.900000 80 0
56.950000 87 0
57.000000 82 0
57.050000 76 0
57.100000 71 0
57.150000 90 0
57.200000 88 0
57.250000 88 0
57.300000 79 0
57.350000 80 0
57.400000 77 0
57.450000 79 0
57.500000 77 0
57.550000 65 0
57.600000 72 0
57.650000 68 0
57.700000 69 0
57.750000 75 0
57.800000 76 0
57.850000 77 0
57.900000 71 0
57.950000 78 0
58.000000 74 0
58.050000 65 0
58.100000 72 0
58.150000 65 0
58.200000 72 0
58.250000 69 0
58.300000 70 0
58.350000 76 0
58.400000 70 0
58.450000 69 0
58.500000 70 0
58.550000 79 0
58.600000 87 0
58.650000 82 0
58.700000 92 0
58.750000 88 0
58.800000 66 0
58.850000 0 0
58.900000 0 0
58.950000 0 0
59.000000 0 0
59.050000 0 0
59.100000 0 0
59.150000 0 0
59.200000 0 0
59.250000 0 0
59.300000 0 0
59.350000 0 0
59.400000 0 0
59.450000 0 0
59.500000 0 0
59.550000 0 0
59.600000 0 0
59.650000 0 0
