0.000000 0 329
0.100000 0 0
0.200000 0 0
0.300000 0 0
0.400000 0 0
0.500000 0 0
0.600000 0 0
0.700000 0 0
0.800000 0 0
0.900000 0 0
1.000000 0 0
1.100000 0 0
1.200000 0 0
1.300000 0 0
1.400000 13 0
1.500000 31 0
1.600000 37 0
1.700000 38 0
1.800000 37 0
1.900000 39 0
2.000000 38 0
2.100000 42 0
2.200000 38 0
2.300000 35 0
2.400000 44 0
2.500000 40 0
2.600000 41 0
2.700000 38 0
2.800000 40 0
2.900000 38 0
3.000000 42 0
3.100000 42 0
3.200000 46 0
3.300000 48 0
3.400000 39 0
3.500000 40 0
3.600000 40 0
3.700000 41 0
3.800000 38 0
3.900000 46 0
4.000000 40 0
4.100000 36 0
4.200000 39 0
4.300000 46 0
4.400000 45 0
4.500000 45 0
4.600000 42 0
4.700000 51 0
4.800000 49 0
4.900000 48 0
5.000000 46 0
5.100000 47 0
5.200000 41 0
5.300000 44 0
5.400000 48 0
5.500000 44 0
5.600000 43 0
5.700000 47 0
5.800000 47 0
5.900000 48 0
6.000000 48 0
6.100000 43 0
6.200000 47 0
6.300000 45 0
6.400000 42 0
6.500000 46 0
6.600000 50 0
6.700000 47 0
6.800000 49 0
6.900000 46 0
7.000000 42 0
7.100000 53 0
7.200000 50 0
7.300000 49 0
7.400000 47 0
7.500000 52 0
7.600000 56 0
7.700000 47 0
7.800000 56 0
7.900000 49 0
8.000000 59 0
8.100000 51 0
8.200000 55 0
8.300000 58 0
8.400000 67 0
8.500000 66 0
8.600000 60 0
8.700000 61 0
8.800000 60 0
8.900000 68 0
9.000000 70 0
9.100000 66 0
9.200000 77 0
9.300000 73 0
9.400000 69 0
9.500000 77 0
9.600000 75 0
9.700000 77 0
9.800000 83 0
9.900000 78 0
10.000000 85 0
10.100000 84 0
10.200000 79 0
10.300000 88 0
10.400000 87 0
10.500000 83 0
10.600000 91 0
10.700000 99 0
10.800000 94 0
10.900000 92 0
11.000000 100 0
11.100000 100 0
11.200000 106 0
11.300000 103 0
11.400000 109 0
11.500000 113 0
11.600000 110 0
11.700000 120 0
11.800000 115 0
11.900000 124 0
12.000000 124 0
12.100000 128 0
12.200000 136 1
12.300000 133 2
12.400000 113 1
12.500000 76 0
12.600000 54 0
12.700000 57 0
12.800000 32 0
12.900000 20 0
13.000000 33 0
13.100000 41 0
13.200000 35 0
13.300000 36 0
13.400000 42 0
13.500000 33 0
13.600000 42 0
13.700000 43 0
13.800000 46 0
13.900000 44 0
14.000000 45 0
14.100000 41 0
14.200000 50 0
14.300000 50 0
14.400000 55 0
14.500000 49 0
14.600000 48 0
14.700000 49 0
14.800000 53 0
14.900000 54 0
15.000000 45 0
15.100000 53 0
15.200000 49 0
15.300000 51 0
15.400000 57 0
15.500000 52 0
15.600000 52 0
15.700000 57 0
15.800000 53 0
15.900000 54 0
16.000000 60 0
16.100000 55 0
16.200000 60 0
16.300000 54 0
16.400000 62 0
16.500000 52 0
16.600000 60 0
16.700000 53 0
16.800000 47 0
16.900000 55 0
17.000000 67 0
17.100000 64 0
17.200000 60 0
17.300000 57 0
17.400000 54 0
17.500000 56 0
17.600000 57 0
17.700000 50 0
17.800000 24 0
17.900000 16 0
18.000000 0 0
18.100000 0 0
18.200000 0 0
18.300000 0 0
18.400000 0 0
18.500000 0 0
18.600000 0 0
18.700000 0 0
18.800000 0 0
18.900000 0 0
19.000000 0 0
19.100000 0 0
19.200000 0 0
19.300000 0 0
19.400000 0 0
19.500000 0 0
19.600000 0 0
19.700000 0 0
19.800000 0 0
19.900000 0 0
20.000000 0 0
20.100000 0 0
20.200000 0 0
20.300000 0 0
20.400000 0 0
20.500000 0 0
20.600000 0 0
20.700000 0 0
20.800000 0 0
20.900000 0 0
21.000000 0 0
21.100000 0 0
21.200000 2 0
21.300000 0 0
21.400000 0 0
21.500000 0 0
21.600000 0 0
21.700000 0 0
21.800000 0 0
21.900000 0 0
22.000000 0 0
22.100000 0 0
22.200000 0 0
22.300000 0 0
22.400000 0 0
22.500000 0 0
22.600000 0 0
22.700000 0 0
22.800000 0 0
22.900000 0 0
23.000000 0 0
23.100000 0 0
23.200000 1 0
23.300000 0 0
23.400000 0 0
23.500000 0 0
23.600000 0 0
23.700000 0 0
23.800000 0 0
23.900000 0 0
24.000000 0 0
24.100000 0 0
24.200000 0 0
24.300000 0 0
24.400000 0 0
24.500000 0 0
24.600000 0 0
24.700000 0 0
24.800000 0 0
24.900000 0 0
25.000000 0 0
25.100000 2 0
25.200000 0 0
25.300000 0 0
25.400000 0 0
25.500000 0 0
25.600000 0 0
25.700000 0 0
25.800000 3 0
25.900000 0 0
26.000000 0 0
26.100000 1 0
26.200000 0 0
26.300000 0 0
26.400000 0 0
26.500000 0 0
26.600000 0 0
26.700000 0 0
26.800000 0 0
26.900000 0 0
27.000000 0 0
27.100000 0 0
27.200000 0 0
27.300000 0 0
27.400000 0 0
27.500000 1 0
27.600000 0 0
27.700000 0 0
27.800000 0 0
27.900000 0 0
28.000000 0 0
28.100000 3 0
28.200000 0 0
28.300000 1 0
28.400000 1 0
28.500000 0 0
28.600000 0 0
28.700000 0 0
28.800000 4 0
28.900000 0 0
29.000000 0 0
29.100000 0 0
29.200000 0 0
29.300000 0 0
29.400000 0 0
29.500000 0 0
29.600000 0 0
29.700000 0 0
29.800000 0 0
29.900000 0 0
30.000000 0 0
30.100000 0 0
30.200000 0 0
30.300000 0 0
30.400000 0 0
30.500000 0 0
30.600000 0 0
30.700000 0 0
30.800000 0 0
30.900000 0 0
31.000000 0 0
31.100000 0 0
31.200000 0 0
31.300000 0 0
31.400000 0 0
31.500000 0 0
31.600000 0 0
31.700000 5 0
31.800000 0 0
31.900000 0 0
32.000000 0 0
32.100000 0 0
32.200000 0 0
32.300000 0 0
32.400000 0 0
32.500000 0 0
32.600000 0 0
32.700000 0 0
32.800000 0 0
32.900000 0 0
33.000000 0 0
33.100000 0 0
33.200000 0 0
33.300000 0 0
33.400000 0 0
33.500000 0 0
33.600000 0 0
33.700000 0 0
33.800000 0 0
33.900000 0 0
34.000000 5 0
34.100000 0 0
34.200000 0 0
34.300000 0 0
34.400000 0 0
34.500000 0 0
34.600000 0 0
34.700000 0 0
34.800000 0 0
34.900000 0 0
35.000000 0 0
35.100000 0 0
35.200000 0 0
35.300000 0 0
35.400000 0 0
35.500000 0 0
35.600000 0 0
35.700000 0 0
35.800000 0 0
35.900000 0 0
36.000000 0 0
36.100000 0 0
36.200000 0 0
36.300000 0 0
36.400000 0 0
36.500000 0 0
36.600000 0 0
36.700000 0 0
36.800000 0 0
36.900000 0 0
37.000000 0 0
37.100000 0 0
37.200000 0 0
37.300000 0 0
37.400000 0 0
37.500000 0 0
37.600000 0 0
37.700000 0 0
37.800000 0 0
37.900000 0 0
38.000000 0 0
38.100000 0 0
38.200000 0 0
38.300000 0 0
38.400000 0 0
38.500000 0 0
38.600000 0 0
38.700000 0 0
38.800000 0 0
38.900000 0 0
39.000000 0 0
39.100000 0 0
39.200000 0 0
39.300000 0 0
39.400000 0 0
39.500000 0 0
39.600000 0 0
39.700000 0 0
39.800000 0 0
39.900000 0 0
40.000000 0 0
40.100000 0 0
40.200000 0 0
40.300000 0 0
40.400000 0 0
40.500000 0 0
40.600000 0 0
40.700000 0 0
40.800000 0 0
40.900000 0 0
41.000000 0 0
41.100000 0 0
41.200000 0 0
41.300000 0 0
41.400000 0 0
41.500000 0 0
41.600000 0 0
41.700000 0 0
41.800000 0 0
41.900000 0 0
42.000000 0 0
42.100000 0 0
42.200000 0 0
42.300000 0 0
42.400000 0 0
42.500000 0 0
42.600000 0 0
42.700000 0 0
42.800000 0 0
42.900000 0 0
43.000000 0 0
43.100000 0 0
43.200000 0 0
43.300000 0 0
43.400000 0 0
43.500000 0 0
43.600000 0 0
43.700000 0 0
43.800000 0 0
43.900000 0 0
44.000000 0 0
44.100000 0 0
44.200000 0 0
44.300000 0 0
44.400000 0 0
44.500000 0 0
44.600000 0 0
44.700000 0 0
44.800000 0 0
44.900000 0 0
45.000000 0 0
45.100000 0 0
45.200000 0 0
45.300000 0 0
45.400000 0 0
45.500000 0 0
45.600000 0 0
45.700000 0 0
45.800000 0 0
45.900000 0 0
46.000000 0 0
46.100000 0 0
46.200000 0 0
46.300000 0 0
46.400000 0 0
46.500000 0 0
46.600000 0 0
46.700000 0 0
46.800000 0 0
46.900000 1 0
47.000000 0 0
47.100000 0 0
47.200000 0 0
47.300000 2 0
47.400000 0 0
47.500000 0 0
47.600000 0 0
47.700000 0 0
47.800000 0 0
47.900000 0 0
48.000000 0 0
48.100000 0 0
48.200000 0 0
48.300000 0 0
48.400000 0 0
48.500000 0 0
48.600000 0 0
48.700000 0 0
48.800000 7 0
48.900000 2 0
49.000000 0 0
49.100000 0 0
49.200000 0 0
49.300000 5 0
49.400000 3 0
49.500000 8 0
49.600000 7 0
49.700000 15 0
49.800000 9 0
49.900000 10 0
50.000000 14 0
50.100000 15 0
50.200000 17 0
50.300000 16 0
50.400000 21 0
50.500000 26 0
50.600000 30 0
50.700000 31 0
50.800000 26 0
50.900000 24 0
51.000000 33 0
51.100000 38 0
51.200000 44 0
51.300000 40 0
51.400000 38 0
51.500000 41 0
51.600000 46 0
51.700000 51 0
51.800000 56 0
51.900000 58 0
52.000000 59 0
52.100000 65 0
52.200000 60 0
52.300000 70 0
52.400000 60 0
52.500000 73 0
52.600000 72 0
52.700000 76 0
52.800000 73 0
52.900000 87 0
53.000000 86 0
53.100000 95 0
53.200000 96 0
53.300000 88 0
53.400000 99 0
53.500000 106 0
53.600000 109 0
53.700000 110 0
53.800000 112 0
53.900000 121 0
54.000000 125 0
54.100000 123 0
54.200000 127 0
54.300000 127 0
54.400000 134 2
54.500000 140 1
54.600000 110 1
54.700000 74 0
54.800000 48 0
54.900000 37 0
55.000000 33 0
55.100000 30 0
55.200000 20 0
55.300000 7 0
55.400000 8 0
55.500000 0 0
55.600000 0 0
55.700000 0 0
55.800000 0 0
55.900000 0 0
56.000000 0 0
56.100000 0 0
56.200000 0 0
56.300000 0 0
56.400000 0 0
56.500000 0 0
56.600000 0 0
56.700000 0 0
56.800000 0 0
56.900000 0 0
57.000000 0 0
57.100000 0 0
57.200000 0 0
57.300000 0 0
57.400000 0 0
57.500000 0 0
57.600000 0 0
57.700000 0 0
57.800000 0 0
57.900000 0 0
58.000000 0 0
58.100000 0 0
58.200000 0 0
58.300000 0 0
58.400000 0 0
58.500000 0 0
58.600000 0 0
58.700000 0 0
58.800000 0 0
58.900000 0 0
59.000000 0 0
59.100000 0 0
59.200000 0 0
59.300000 0 0
59.400000 0 0
59.500000 0 0
59.600000 0 0
59.700000 0 0
59.800000 0 0
59.900000 0 0
60.000000 0 0
60.100000 0 0
60.200000 0 0
60.300000 0 0
60.400000 0 0
60.500000 0 0
60.600000 0 0
60.700000 0 0
60.800000 0 0
60.900000 0 0
61.000000 0 0
61.100000 0 0
61.200000 0 0
61.300000 0 0
61.400000 0 0
61.500000 0 0
61.600000 0 0
61.700000 0 0
61.800000 0 0
61.900000 0 0
62.000000 0 0
62.100000 0 0
62.200000 0 0
62.300000 0 0
62.400000 0 0
62.500000 0 0
62.600000 0 0
62.700000 0 0
62.800000 0 0
62.900000 0 0
63.000000 0 0
63.100000 0 0
63.200000 0 0
63.300000 0 0
63.400000 0 0
63.500000 0 0
63.600000 0 0
63.700000 0 0
63.800000 0 0
63.900000 0 0
