0.000000 0 0
0.050000 0 0
0.100000 0 0
0.150000 0 0
0.200000 0 0
0.250000 0 0
0.300000 0 0
0.350000 0 0
0.400000 0 0
0.450000 0 0
0.500000 0 0
0.550000 0 0
0.600000 0 0
0.650000 0 0
0.700000 0 0
0.750000 0 0
0.800000 0 0
0.850000 0 0
0.900000 0 0
0.950000 0 0
1.000000 0 0
1.050000 0 0
1.100000 0 0
1.150000 0 0
1.200000 0 0
1.250000 0 0
1.300000 0 0
1.350000 0 0
1.400000 0 0
1.450000 0 0
1.500000 0 0
1.550000 0 0
1.600000 0 0
1.650000 0 0
1.700000 0 0
1.750000 0 0
1.800000 0 0
1.850000 0 0
1.900000 0 0
1.950000 8 0
2.000000 21 0
2.050000 27 3
2.100000 29 5
2.150000 26 1
2.200000 29 5
2.250000 28 5
2.300000 23 4
2.350000 24 0
2.400000 29 4
2.450000 26 11
2.500000 17 11
2.550000 0 0
2.600000 0 0
2.650000 0 0
2.700000 3 0
2.750000 10 0
2.800000 17 0
2.850000 28 6
2.900000 17 8
2.950000 29 0
3.000000 27 15
3.050000 30 4
3.100000 29 11
3.150000 30 8
3.200000 29 12
3.250000 28 3
3.300000 21 11
3.350000 29 3
3.400000 29 8
3.450000 28 4
3.500000 30 5
3.550000 28 9
3.600000 23 8
3.650000 27 0
3.700000 16 9
3.750000 10 0
3.800000 16 0
3.850000 13 0
3.900000 17 0
3.950000 18 0
4.000000 21 0
4.050000 23 0
4.100000 29 5
4.150000 20 2
4.200000 23 0
4.250000 20 0
4.300000 29 0
4.350000 19 2
4.400000 12 0
4.450000 14 0
4.500000 28 0
4.550000 14 3
4.600000 20 0
4.650000 24 2
4.700000 23 0
4.750000 25 4
4.800000 28 5
4.850000 29 8
4.900000 29 9
4.950000 18 8
5.000000 23 0
5.050000 30 0
5.100000 30 12
5.150000 27 4
5.200000 17 0
5.250000 8 0
5.300000 18 0
5.350000 28 6
5.400000 26 0
5.450000 26 5
5.500000 29 1
5.550000 26 13
5.600000 28 5
5.650000 18 2
5.700000 11 0
5.750000 30 0
5.800000 19 10
5.850000 17 0
5.900000 30 3
5.950000 25 6
6.000000 25 3
6.050000 27 4
6.100000 25 8
6.150000 22 0
6.200000 21 0
6.250000 17 0
6.300000 26 1
6.350000 23 0
6.400000 22 0
6.450000 14 0
6.500000 14 0
6.550000 14 0
6.600000 29 1
6.650000 18 6
6.700000 20 0
6.750000 24 4
6.800000 29 9
6.850000 28 7
6.900000 25 11
6.950000 13 3
7.000000 23 0
7.050000 16 15
7.100000 18 0
7.150000 22 0
7.200000 29 1
7.250000 29 14
7.300000 28 6
7.350000 8 0
7.400000 15 0
7.450000 3 0
7.500000 4 0
7.550000 9 0
7.600000 20 0
7.650000 18 0
7.700000 18 0
7.750000 26 0
7.800000 27 3
7.850000 27 16
7.900000 20 9
7.950000 22 0
8.000000 29 5
8.050000 27 8
8.100000 29 6
8.150000 23 6
8.200000 27 5
8.250000 27 7
8.300000 29 16
8.350000 22 0
8.400000 27 1
8.450000 29 14
8.500000 28 8
8.550000 26 4
8.600000 26 8
8.650000 28 0
8.700000 29 10
8.750000 19 0
8.800000 26 0
8.850000 30 0
8.900000 29 9
8.950000 29 5
9.000000 24 6
9.050000 26 0
9.100000 28 1
9.150000 17 11
9.200000 14 0
9.250000 23 0
9.300000 28 7
9.350000 29 5
9.400000 30 7
9.450000 29 6
9.500000 19 1
9.550000 8 0
9.600000 6 0
9.650000 11 0
9.700000 19 0
9.750000 26 0
9.800000 27 5
9.850000 30 8
9.900000 29 9
9.950000 29 19
10.000000 16 6
10.050000 12 0
10.100000 19 0
10.150000 26 11
10.200000 27 4
10.250000 24 10
10.300000 29 1
10.350000 29 18
10.400000 24 7
10.450000 0 0
10.500000 0 0
10.550000 0 0
10.600000 0 0
10.650000 0 0
10.700000 0 0
10.750000 0 0
10.800000 0 0
10.850000 0 0
10.900000 0 0
10.950000 0 0
11.000000 0 0
11.050000 0 0
11.100000 0 0
11.150000 2 0
11.200000 0 0
11.250000 0 0
11.300000 0 0
11.350000 0 0
11.400000 0 0
11.450000 0 0
11.500000 0 0
11.550000 0 0
11.600000 0 0
11.650000 0 0
11.700000 0 0
11.750000 0 0
11.800000 0 0
11.850000 0 0
11.900000 0 0
11.950000 0 0
12.000000 0 0
12.050000 0 0
12.100000 0 0
12.150000 0 0
12.200000 0 0
12.250000 0 0
12.300000 0 0
12.350000 0 0
12.400000 0 0
12.450000 0 0
12.500000 0 0
12.550000 0 0
12.600000 0 0
12.650000 0 0
12.700000 0 0
12.750000 0 0
12.800000 0 0
12.850000 0 0
12.900000 0 0
12.950000 0 0
13.000000 0 0
13.050000 0 0
13.100000 0 0
13.150000 1 0
13.200000 0 0
13.250000 0 0
13.300000 0 0
13.350000 0 0
13.400000 0 0
13.450000 0 0
13.500000 0 0
13.550000 0 0
13.600000 1 0
13.650000 0 0
13.700000 0 0
13.750000 0 0
13.800000 0 0
13.850000 5 0
13.900000 4 0
13.950000 2 0
14.000000 9 0
14.050000 8 0
14.100000 11 0
14.150000 18 0
14.200000 21 0
14.250000 30 3
14.300000 28 11
14.350000 27 0
14.400000 24 6
14.450000 23 2
14.500000 20 0
14.550000 16 0
14.600000 13 0
14.650000 17 0
14.700000 12 0
14.750000 17 0
14.800000 26 1
14.850000 29 5
14.900000 24 6
14.950000 21 0
15.000000 22 0
15.050000 24 4
15.100000 18 0
15.150000 18 0
15.200000 26 0
15.250000 26 2
15.300000 27 8
15.350000 27 6
15.400000 18 2
15.450000 11 0
15.500000 15 0
15.550000 23 0
15.600000 23 2
15.650000 13 0
15.700000 12 0
15.750000 18 0
15.800000 29 3
15.850000 26 9
15.900000 28 0
15.950000 20 2
16.000000 28 0
16.050000 26 2
16.100000 28 8
16.150000 21 2
16.200000 22 0
16.250000 16 0
16.300000 19 0
16.350000 28 1
16.400000 26 3
16.450000 28 3
16.500000 28 6
16.550000 21 5
16.600000 11 0
16.650000 20 0
16.700000 27 0
16.750000 29 5
16.800000 27 1
16.850000 26 5
16.900000 23 3
16.950000 28 2
17.000000 16 0
17.050000 23 0
17.100000 25 2
17.150000 24 6
17.200000 17 0
17.250000 12 0
17.300000 17 0
17.350000 16 0
17.400000 20 0
17.450000 20 0
17.500000 28 3
17.550000 28 2
17.600000 8 0
17.650000 13 0
17.700000 29 3
17.750000 19 2
17.800000 25 0
17.850000 13 0
17.900000 11 0
17.950000 13 0
18.000000 18 0
18.050000 19 0
18.100000 28 10
18.150000 13 0
18.200000 17 0
18.250000 15 0
18.300000 12 0
18.350000 16 0
18.400000 15 0
18.450000 22 0
18.500000 28 5
18.550000 17 0
18.600000 22 0
18.650000 29 0
18.700000 27 4
18.750000 19 6
18.800000 27 0
18.850000 26 3
18.900000 22 6
18.950000 25 0
19.000000 28 3
19.050000 25 3
19.100000 26 2
19.150000 28 3
19.200000 26 6
19.250000 29 1
19.300000 16 5
19.350000 22 0
19.400000 21 0
19.450000 0 0
19.500000 0 0
19.550000 6 0
19.600000 15 0
19.650000 23 1
19.700000 22 0
19.750000 24 0
19.800000 28 8
19.850000 28 6
19.900000 26 11
19.950000 4 0
20.000000 0 0
20.050000 0 0
20.100000 3 0
20.150000 9 0
20.200000 24 0
20.250000 23 0
20.300000 21 0
20.350000 22 0
20.400000 14 0
20.450000 17 0
20.500000 24 0
20.550000 22 4
20.600000 26 0
20.650000 13 0
20.700000 3 0
20.750000 0 0
20.800000 0 0
20.850000 8 0
20.900000 13 0
20.950000 16 0
21.000000 23 0
21.050000 28 0
21.100000 23 5
21.150000 14 0
21.200000 17 0
21.250000 15 0
21.300000 19 0
21.350000 28 0
21.400000 20 0
21.450000 29 1
21.500000 27 11
21.550000 21 0
21.600000 26 0
21.650000 25 4
21.700000 26 0
21.750000 29 1
21.800000 18 2
21.850000 18 0
21.900000 10 0
21.950000 16 0
22.000000 25 0
22.050000 25 4
22.100000 27 7
22.150000 25 9
22.200000 30 2
22.250000 17 1
22.300000 29 0
22.350000 29 10
22.400000 28 6
22.450000 21 2
22.500000 22 0
22.550000 28 0
22.600000 25 19
22.650000 25 0
22.700000 9 0
22.750000 3 0
22.800000 12 0
22.850000 27 1
22.900000 29 0
22.950000 24 0
23.000000 20 0
23.050000 23 7
23.100000 28 6
23.150000 8 0
23.200000 1 0
23.250000 10 0
23.300000 17 0
23.350000 15 0
23.400000 16 0
23.450000 25 0
23.500000 28 0
23.550000 27 0
23.600000 22 0
23.650000 18 0
23.700000 7 0
23.750000 10 0
23.800000 23 0
23.850000 20 0
23.900000 19 0
23.950000 0 0
24.000000 5 0
24.050000 0 0
24.100000 0 0
24.150000 0 0
24.200000 0 0
24.250000 0 0
24.300000 0 0
24.350000 0 0
24.400000 0 0
24.450000 0 1
24.500000 0 0
24.550000 0 0
24.600000 0 0
24.650000 0 0
24.700000 0 0
24.750000 0 0
24.800000 0 0
24.850000 0 0
24.900000 0 0
24.950000 0 0
25.000000 1 0
25.050000 0 0
25.100000 0 0
25.150000 0 0
25.200000 0 0
25.250000 0 0
25.300000 0 0
25.350000 0 0
25.400000 0 0
25.450000 0 0
25.500000 0 0
25.550000 0 0
25.600000 0 0
25.650000 1 0
25.700000 0 0
25.750000 1 0
25.800000 0 0
25.850000 0 0
25.900000 0 0
25.950000 0 0
26.000000 0 0
26.050000 0 0
26.100000 0 0
26.150000 0 0
26.200000 0 0
26.250000 0 0
26.300000 0 0
26.350000 0 0
26.400000 0 0
26.450000 0 0
26.500000 0 0
26.550000 0 0
26.600000 0 0
26.650000 0 0
26.700000 0 0
26.750000 0 0
26.800000 0 0
26.850000 0 0
26.900000 0 0
26.950000 0 0
27.000000 0 0
27.050000 0 0
27.100000 0 0
27.150000 2 0
27.200000 4 0
27.250000 8 0
27.300000 12 0
27.350000 26 0
27.400000 23 6
27.450000 27 0
27.500000 27 5
27.550000 26 5
27.600000 20 2
27.650000 21 0
27.700000 18 0
27.750000 23 0
27.800000 24 0
27.850000 28 0
27.900000 27 8
27.950000 22 0
28.000000 15 0
28.050000 27 0
28.100000 25 8
28.150000 22 0
28.200000 17 0
28.250000 22 0
28.300000 21 0
28.350000 26 2
28.400000 29 5
28.450000 24 0
28.500000 21 0
28.550000 24 0
28.600000 30 6
28.650000 11 2
28.700000 0 0
28.750000 11 0
28.800000 19 0
28.850000 18 0
28.900000 6 0
28.950000 10 0
29.000000 6 0
29.050000 2 0
29.100000 4 0
29.150000 0 0
29.200000 0 0
29.250000 0 0
29.300000 0 0
29.350000 0 0
29.400000 0 0
29.450000 0 0
29.500000 0 0
29.550000 0 0
29.600000 0 0
29.650000 0 0
29.700000 10 0
29.750000 17 0
29.800000 19 0
29.850000 28 1
29.900000 25 7
29.950000 28 4
30.000000 30 7
30.050000 26 17
30.100000 19 7
30.150000 26 0
30.200000 20 0
30.250000 30 2
30.300000 29 5
30.350000 29 1
30.400000 27 7
30.450000 28 6
30.500000 30 6
30.550000 27 15
30.600000 21 0
30.650000 27 2
30.700000 28 8
30.750000 28 5
30.800000 27 2
30.850000 22 4
30.900000 29 1
30.950000 28 7
31.000000 29 18
31.050000 13 6
31.100000 13 0
31.150000 11 0
31.200000 18 0
31.250000 22 0
31.300000 27 2
31.350000 27 4
31.400000 29 11
31.450000 27 1
31.500000 25 18
31.550000 19 0
31.600000 18 0
31.650000 28 1
31.700000 25 3
31.750000 29 3
31.800000 28 7
31.850000 29 7
31.900000 27 2
31.950000 30 16
32.000000 17 5
32.050000 21 0
32.100000 25 0
32.150000 27 4
32.200000 26 5
32.250000 25 8
32.300000 27 4
32.350000 28 6
32.400000 30 7
32.450000 27 12
32.500000 25 1
32.550000 28 1
32.600000 26 9
32.650000 23 10
32.700000 29 4
32.750000 27 11
32.800000 17 0
32.850000 23 0
32.900000 27 20
32.950000 21 3
33.000000 23 0
33.050000 26 3
33.100000 30 9
33.150000 30 5
33.200000 23 10
33.250000 16 0
33.300000 27 1
33.350000 28 1
33.400000 30 22
33.450000 20 2
33.500000 23 0
33.550000 24 0
33.600000 29 5
33.650000 25 4
33.700000 28 5
33.750000 26 8
33.800000 29 3
33.850000 28 15
33.900000 24 8
33.950000 19 0
34.000000 25 0
34.050000 29 7
34.100000 28 4
34.150000 29 3
34.200000 27 3
34.250000 29 4
34.300000 29 5
34.350000 29 13
34.400000 13 4
34.450000 14 0
34.500000 22 0
34.550000 25 4
34.600000 28 0
34.650000 28 5
34.700000 26 4
34.750000 29 4
34.800000 29 8
34.850000 21 16
34.900000 19 0
34.950000 23 0
35.000000 30 3
35.050000 29 4
35.100000 28 4
35.150000 26 1
35.200000 26 6
35.250000 27 8
35.300000 26 14
35.350000 4 0
35.400000 1 0
35.450000 12 0
35.500000 14 0
35.550000 18 0
35.600000 22 0
35.650000 29 0
35.700000 30 4
35.750000 28 17
35.800000 24 10
35.850000 28 0
35.900000 29 7
35.950000 26 14
36.000000 29 2
36.050000 24 11
36.100000 25 0
36.150000 30 7
36.200000 29 7
36.250000 24 15
36.300000 18 0
36.350000 28 4
36.400000 29 8
36.450000 26 5
36.500000 29 7
36.550000 29 11
36.600000 24 2
36.650000 26 6
36.700000 28 11
36.750000 19 2
36.800000 15 0
36.850000 23 0
36.900000 15 0
36.950000 3 0
37.000000 2 0
37.050000 0 0
37.100000 0 0
37.150000 0 0
37.200000 0 0
37.250000 0 0
37.300000 0 0
37.350000 0 0
37.400000 0 0
37.450000 0 0
37.500000 0 0
37.550000 0 0
37.600000 0 0
37.650000 0 0
37.700000 0 0
37.750000 0 0
37.800000 0 0
37.850000 0 0
37.900000 0 0
37.950000 0 0
38.000000 0 0
38.050000 0 0
38.100000 0 0
38.150000 0 0
38.200000 0 0
38.250000 0 0
38.300000 0 0
38.350000 0 0
38.400000 0 0
38.450000 0 0
38.500000 0 0
38.550000 0 0
38.600000 0 0
38.650000 0 0
38.700000 0 0
38.750000 0 0
38.800000 0 0
38.850000 0 0
38.900000 0 0
38.950000 0 0
39.000000 0 0
39.050000 0 0
39.100000 0 0
39.150000 0 0
39.200000 0 0
39.250000 0 0
39.300000 0 0
39.350000 0 0
39.400000 0 0
39.450000 0 0
39.500000 0 0
39.550000 0 0
39.600000 0 0
39.650000 0 0
39.700000 0 0
39.750000 0 0
39.800000 0 0
39.850000 0 0
39.900000 0 0
39.950000 1 0
40.000000 0 0
40.050000 0 0
40.100000 0 0
40.150000 0 0
40.200000 0 0
40.250000 11 0
40.300000 0 0
40.350000 3 0
40.400000 4 0
40.450000 0 0
40.500000 5 0
40.550000 7 0
40.600000 15 0
40.650000 26 5
40.700000 25 0
40.750000 28 2
40.800000 24 6
40.850000 26 3
40.900000 19 0
40.950000 19 0
41.000000 17 0
41.050000 9 0
41.100000 21 0
41.150000 27 3
41.200000 15 0
41.250000 7 0
41.300000 9 0
41.350000 21 0
41.400000 27 16
41.450000 11 0
41.500000 9 0
41.550000 19 0
41.600000 13 0
41.650000 1 0
41.700000 0 0
41.750000 0 0
41.800000 0 0
41.850000 0 0
41.900000 0 0
41.950000 0 0
42.000000 0 0
42.050000 0 0
42.100000 0 0
42.150000 0 0
42.200000 0 0
42.250000 0 0
42.300000 0 0
42.350000 0 0
42.400000 0 0
42.450000 0 0
42.500000 0 0
42.550000 0 0
42.600000 0 0
42.650000 0 0
42.700000 0 0
42.750000 0 0
42.800000 0 0
42.850000 0 0
42.900000 0 0
42.950000 0 0
43.000000 0 0
43.050000 0 0
43.100000 0 0
43.150000 0 0
43.200000 0 0
43.250000 0 0
43.300000 0 0
43.350000 0 0
43.400000 0 0
43.450000 0 0
43.500000 1 0
43.550000 0 0
43.600000 0 0
43.650000 0 0
43.700000 0 0
43.750000 0 0
43.800000 0 0
43.850000 0 0
43.900000 0 0
43.950000 0 0
44.000000 0 0
44.050000 0 0
44.100000 0 0
44.150000 0 0
44.200000 0 0
44.250000 0 0
44.300000 0 0
44.350000 0 0
44.400000 0 0
44.450000 0 0
44.500000 0 0
44.550000 0 0
44.600000 0 0
44.650000 0 0
44.700000 0 0
44.750000 2 0
44.800000 0 0
44.850000 0 0
44.900000 0 0
44.950000 0 0
45.000000 0 0
45.050000 0 0
45.100000 0 0
45.150000 0 0
45.200000 4 0
45.250000 0 0
45.300000 3 0
45.350000 20 0
45.400000 18 0
45.450000 24 0
45.500000 29 7
45.550000 27 5
45.600000 27 7
45.650000 23 5
45.700000 23 0
45.750000 22 0
45.800000 21 0
45.850000 29 3
45.900000 28 3
45.950000 18 0
46.000000 1 0
46.050000 2 0
46.100000 12 0
46.150000 17 0
46.200000 24 0
46.250000 29 4
46.300000 10 4
46.350000 0 0
46.400000 0 0
46.450000 0 0
46.500000 0 0
46.550000 0 0
46.600000 0 0
46.650000 0 0
46.700000 0 0
46.750000 0 0
46.800000 0 0
46.850000 0 0
46.900000 0 0
46.950000 0 0
47.000000 0 0
47.050000 0 0
47.100000 0 0
47.150000 0 0
47.200000 0 0
47.250000 0 0
47.300000 0 0
47.350000 0 0
47.400000 0 0
47.450000 0 0
47.500000 0 0
47.550000 0 0
47.600000 0 0
47.650000 0 0
47.700000 0 0
47.750000 0 0
47.800000 0 0
47.850000 0 0
47.900000 0 0
47.950000 0 0
48.000000 0 0
48.050000 0 0
48.100000 0 0
48.150000 0 0
48.200000 0 0
48.250000 0 0
48.300000 0 0
48.350000 0 0
48.400000 0 0
48.450000 0 0
48.500000 0 0
48.550000 0 0
48.600000 0 0
48.650000 0 0
48.700000 0 0
48.750000 0 0
48.800000 2 0
48.850000 0 0
48.900000 0 0
48.950000 0 0
49.000000 0 0
49.050000 0 0
49.100000 0 0
49.150000 0 0
49.200000 0 0
49.250000 0 0
49.300000 0 0
49.350000 0 0
49.400000 0 0
49.450000 0 0
49.500000 0 0
49.550000 8 0
49.600000 0 0
49.650000 0 0
49.700000 2 0
49.750000 3 0
49.800000 8 0
49.850000 8 0
49.900000 14 0
49.950000 20 0
50.000000 13 0
50.050000 26 0
50.100000 27 0
50.150000 29 4
50.200000 29 9
50.250000 18 3
50.300000 18 0
50.350000 15 0
50.400000 24 0
50.450000 30 5
50.500000 11 1
50.550000 0 1
50.600000 10 0
50.650000 1 0
50.700000 2 0
50.750000 13 0
50.800000 20 0
50.850000 25 0
50.900000 28 11
50.950000 27 7
51.000000 29 3
51.050000 27 9
51.100000 20 3
51.150000 21 0
51.200000 27 4
51.250000 23 2
51.300000 30 4
51.350000 23 4
51.400000 2 0
51.450000 1 0
51.500000 4 0
51.550000 7 0
51.600000 5 0
51.650000 15 0
51.700000 30 4
51.750000 17 1
51.800000 4 0
51.850000 0 0
51.900000 6 0
51.950000 13 0
52.000000 16 0
52.050000 29 2
52.100000 25 4
52.150000 25 0
52.200000 23 0
52.250000 28 1
52.300000 24 1
52.350000 21 3
52.400000 16 0
52.450000 0 0
52.500000 0 0
52.550000 2 0
52.600000 8 0
52.650000 13 0
52.700000 24 0
52.750000 28 1
52.800000 13 5
52.850000 14 0
52.900000 19 0
52.950000 23 0
53.000000 28 0
53.050000 16 3
53.100000 9 0
53.150000 10 0
53.200000 10 0
53.250000 17 0
53.300000 26 0
53.350000 20 0
53.400000 24 0
53.450000 25 0
53.500000 28 0
53.550000 29 12
53.600000 28 11
53.650000 28 9
53.700000 17 8
53.750000 15 0
53.800000 11 0
53.850000 24 0
53.900000 28 6
53.950000 21 11
54.000000 5 0
54.050000 26 0
54.100000 28 7
54.150000 15 15
54.200000 0 0
54.250000 12 0
54.300000 22 0
54.350000 27 3
54.400000 24 8
54.450000 27 0
54.500000 20 0
54.550000 30 4
54.600000 25 6
54.650000 25 7
54.700000 20 0
54.750000 24 0
54.800000 26 5
54.850000 22 7
54.900000 21 1
54.950000 10 0
55.000000 16 0
55.050000 21 0
55.100000 15 0
55.150000 5 0
55.200000 17 0
55.250000 19 0
55.300000 23 0
55.350000 26 3
55.400000 24 0
55.450000 24 0
55.500000 20 0
55.550000 13 0
55.600000 18 0
55.650000 16 0
55.700000 20 0
55.750000 17 0
55.800000 22 0
55.850000 25 0
55.900000 21 0
55.950000 16 0
56.000000 24 0
56.050000 29 0
56.100000 10 0
56.150000 4 0
56.200000 12 0
56.250000 13 0
56.300000 22 0
56.350000 22 0
56.400000 28 2
56.450000 18 2
56.500000 21 0
56.550000 26 6
56.600000 20 0
56.650000 28 0
56.700000 25 3
56.750000 23 2
56.800000 29 1
56.850000 21 0
56.900000 11 1
56.950000 17 0
57.000000 11 0
57.050000 8 0
57.100000 3 0
57.150000 0 0
57.200000 0 0
57.250000 0 0
57.300000 0 0
57.350000 0 0
57.400000 0 0
57.450000 0 0
57.500000 0 0
57.550000 0 0
57.600000 6 0
57.650000 22 0
57.700000 19 0
57.750000 5 0
57.800000 21 0
57.850000 27 3
57.900000 29 11
57.950000 28 14
58.000000 30 11
58.050000 29 12
58.100000 22 0
58.150000 22 0
58.200000 17 5
58.250000 17 0
58.300000 29 2
58.350000 23 18
58.400000 28 9
58.450000 27 14
58.500000 28 11
58.550000 28 13
58.600000 28 13
58.650000 19 0
58.700000 27 2
58.750000 18 1
58.800000 26 0
58.850000 0 0
58.900000 0 0
58.950000 0 0
59.000000 0 0
59.050000 0 0
59.100000 0 0
59.150000 0 0
59.200000 0 0
59.250000 0 0
59.300000 0 0
59.350000 0 0
59.400000 0 0
59.450000 0 0
59.500000 0 0
59.550000 0 0
59.600000 0 0
59.650000 0 0
59.700000 0 0
59.750000 0 0
