0.000000 0 1852
0.010000 0 0
0.020000 0 0
0.030000 0 0
0.040000 0 0
0.050000 0 0
0.060000 0 0
0.070000 0 0
0.080000 0 0
0.090000 0 0
0.100000 0 0
0.110000 0 0
0.120000 0 0
0.130000 0 0
0.140000 0 0
0.150000 0 0
0.160000 0 0
0.170000 0 0
0.180000 0 0
0.190000 0 0
0.200000 0 0
0.210000 0 0
0.220000 0 0
0.230000 0 0
0.240000 0 0
0.250000 0 0
0.260000 0 0
0.270000 0 0
0.280000 0 0
0.290000 0 0
0.300000 0 0
0.310000 0 0
0.320000 0 0
0.330000 0 0
0.340000 0 0
0.350000 0 0
0.360000 0 0
0.370000 0 0
0.380000 0 0
0.390000 0 0
0.400000 0 0
0.410000 0 0
0.420000 0 0
0.430000 0 0
0.440000 0 0
0.450000 0 0
0.460000 0 0
0.470000 0 0
0.480000 0 0
0.490000 0 0
0.500000 0 0
0.510000 0 0
0.520000 0 0
0.530000 0 0
0.540000 0 0
0.550000 0 0
0.560000 0 0
0.570000 0 0
0.580000 0 0
0.590000 0 0
0.600000 0 0
0.610000 0 0
0.620000 0 0
0.630000 0 0
0.640000 0 0
0.650000 0 0
0.660000 0 0
0.670000 0 0
0.680000 0 0
0.690000 0 0
0.700000 0 0
0.710000 0 0
0.720000 0 0
0.730000 0 0
0.740000 0 0
0.750000 0 0
0.760000 0 0
0.770000 0 0
0.780000 0 0
0.790000 0 0
0.800000 0 0
0.810000 0 0
0.820000 0 0
0.830000 0 0
0.840000 0 0
0.850000 0 0
0.860000 0 0
0.870000 0 0
0.880000 0 0
0.890000 0 0
0.900000 0 0
0.910000 0 0
0.920000 0 0
0.930000 0 0
0.940000 0 0
0.950000 0 0
0.960000 0 0
0.970000 0 0
0.980000 0 0
0.990000 0 0
1.000000 0 0
1.010000 0 0
1.020000 0 0
1.030000 0 0
1.040000 0 0
1.050000 0 0
1.060000 0 0
1.070000 0 0
1.080000 0 0
1.090000 0 0
1.100000 0 0
1.110000 0 0
1.120000 0 0
1.130000 0 0
1.140000 0 0
1.150000 0 0
1.160000 0 0
1.170000 0 0
1.180000 0 0
1.190000 0 0
1.200000 0 0
1.210000 0 0
1.220000 0 0
1.230000 0 0
1.240000 0 0
1.250000 0 0
1.260000 0 0
1.270000 0 0
1.280000 0 0
1.290000 0 0
1.300000 0 0
1.310000 0 0
1.320000 0 0
1.330000 0 0
1.340000 0 0
1.350000 0 0
1.360000 0 0
1.370000 0 0
1.380000 0 0
1.390000 0 0
1.400000 0 0
1.410000 0 0
1.420000 0 0
1.430000 0 0
1.440000 0 0
1.450000 0 0
1.460000 0 0
1.470000 0 0
1.480000 0 0
1.490000 0 0
1.500000 0 0
1.510000 0 0
1.520000 0 0
1.530000 0 0
1.540000 0 0
1.550000 0 0
1.560000 0 0
1.570000 0 0
1.580000 0 0
1.590000 0 0
1.600000 0 0
1.610000 0 0
1.620000 0 0
1.630000 0 0
1.640000 0 0
1.650000 0 0
1.660000 0 0
1.670000 0 0
1.680000 0 0
1.690000 0 0
1.700000 0 0
1.710000 0 0
1.720000 0 0
1.730000 0 0
1.740000 0 0
1.750000 0 0
1.760000 0 0
1.770000 0 0
1.780000 0 0
1.790000 0 0
1.800000 0 0
1.810000 0 0
1.820000 0 0
1.830000 0 0
1.840000 0 0
1.850000 0 0
1.860000 0 0
1.870000 0 0
1.880000 0 0
1.890000 0 0
1.900000 0 0
1.910000 0 0
1.920000 0 0
1.930000 0 0
1.940000 0 0
1.950000 0 0
1.960000 0 0
1.970000 0 0
1.980000 0 0
1.990000 0 0
2.000000 0 0
2.010000 0 0
2.020000 0 0
2.030000 0 0
2.040000 0 0
2.050000 0 0
2.060000 0 0
2.070000 0 0
2.080000 0 0
2.090000 0 0
2.100000 0 0
2.110000 0 0
2.120000 0 0
2.130000 0 0
2.140000 0 0
2.150000 0 0
2.160000 0 0
2.170000 0 0
2.180000 0 0
2.190000 0 0
2.200000 0 0
2.210000 0 0
2.220000 0 0
2.230000 0 0
2.240000 0 0
2.250000 0 0
2.260000 0 0
2.270000 0 0
2.280000 0 0
2.290000 0 0
2.300000 0 0
2.310000 0 0
2.320000 0 0
2.330000 0 0
2.340000 0 0
2.350000 0 0
2.360000 0 0
2.370000 0 0
2.380000 0 0
2.390000 0 0
2.400000 0 0
2.410000 0 0
2.420000 0 0
2.430000 0 0
2.440000 0 0
2.450000 0 0
2.460000 0 0
2.470000 0 0
2.480000 0 0
2.490000 0 0
2.500000 0 0
2.510000 0 0
2.520000 0 0
2.530000 0 0
2.540000 0 0
2.550000 0 0
2.560000 0 0
2.570000 0 0
2.580000 0 0
2.590000 0 0
2.600000 0 0
2.610000 0 0
2.620000 0 0
2.630000 0 0
2.640000 0 0
2.650000 0 0
2.660000 0 0
2.670000 0 0
2.680000 0 0
2.690000 0 0
2.700000 0 0
2.710000 0 0
2.720000 0 0
2.730000 0 0
2.740000 0 0
2.750000 0 0
2.760000 0 0
2.770000 0 0
2.780000 0 0
2.790000 0 0
2.800000 0 0
2.810000 0 0
2.820000 0 0
2.830000 0 0
2.840000 0 0
2.850000 0 0
2.860000 0 0
2.870000 0 0
2.880000 0 0
2.890000 0 0
2.900000 0 0
2.910000 0 0
2.920000 0 0
2.930000 0 0
2.940000 0 0
2.950000 0 0
2.960000 0 0
2.970000 0 0
2.980000 0 0
2.990000 0 0
3.000000 0 0
3.010000 0 0
3.020000 0 0
3.030000 0 0
3.040000 0 0
3.050000 0 0
3.060000 0 0
3.070000 0 0
3.080000 0 0
3.090000 0 0
3.100000 0 0
3.110000 0 0
3.120000 0 0
3.130000 0 0
3.140000 0 0
3.150000 0 0
3.160000 0 0
3.170000 0 0
3.180000 0 0
3.190000 0 0
3.200000 0 0
3.210000 0 0
3.220000 0 0
3.230000 0 0
3.240000 0 0
3.250000 0 0
3.260000 0 0
3.270000 0 0
3.280000 0 0
3.290000 0 0
3.300000 0 0
3.310000 0 0
3.320000 0 0
3.330000 0 0
3.340000 0 0
3.350000 0 0
3.360000 0 0
3.370000 0 0
3.380000 0 0
3.390000 0 0
3.400000 0 0
3.410000 0 0
3.420000 0 0
3.430000 0 0
3.440000 0 0
3.450000 0 0
3.460000 0 0
3.470000 0 0
3.480000 0 0
3.490000 0 0
3.500000 0 0
3.510000 0 0
3.520000 0 0
3.530000 0 0
3.540000 0 0
3.550000 0 0
3.560000 0 0
3.570000 0 0
3.580000 0 0
3.590000 0 0
3.600000 0 0
3.610000 0 0
3.620000 0 0
3.630000 0 0
3.640000 0 0
3.650000 0 0
3.660000 0 0
3.670000 0 0
3.680000 0 0
3.690000 0 0
3.700000 0 0
3.710000 0 0
3.720000 0 0
3.730000 0 0
3.740000 0 0
3.750000 0 0
3.760000 0 0
3.770000 0 0
3.780000 0 0
3.790000 0 0
3.800000 0 0
3.810000 0 0
3.820000 0 0
3.830000 0 0
3.840000 0 0
3.850000 0 0
3.860000 0 0
3.870000 0 0
3.880000 0 0
3.890000 0 0
3.900000 0 0
3.910000 0 0
3.920000 0 0
3.930000 0 0
3.940000 0 0
3.950000 0 0
3.960000 0 0
3.970000 0 0
3.980000 0 0
3.990000 0 0
4.000000 0 0
4.010000 0 0
4.020000 0 0
4.030000 0 0
4.040000 0 0
4.050000 0 0
4.060000 0 0
4.070000 0 0
4.080000 0 0
4.090000 0 0
4.100000 0 0
4.110000 0 0
4.120000 0 0
4.130000 0 0
4.140000 0 0
4.150000 0 0
4.160000 0 0
4.170000 0 0
4.180000 0 0
4.190000 0 0
4.200000 0 0
4.210000 0 0
4.220000 0 0
4.230000 0 0
4.240000 0 0
4.250000 0 0
4.260000 0 0
4.270000 0 0
4.280000 0 0
4.290000 0 0
4.300000 0 0
4.310000 0 0
4.320000 0 0
4.330000 0 0
4.340000 0 0
4.350000 0 0
4.360000 0 0
4.370000 0 0
4.380000 0 0
4.390000 0 0
4.400000 0 0
4.410000 0 0
4.420000 0 0
4.430000 0 0
4.440000 0 0
4.450000 0 0
4.460000 0 0
4.470000 0 0
4.480000 0 0
4.490000 0 0
4.500000 0 0
4.510000 0 0
4.520000 0 0
4.530000 0 0
4.540000 0 0
4.550000 0 0
4.560000 0 0
4.570000 0 0
4.580000 0 0
4.590000 0 0
4.600000 0 0
4.610000 0 0
4.620000 0 0
4.630000 0 0
4.640000 0 0
4.650000 0 0
4.660000 0 0
4.670000 0 0
4.680000 0 0
4.690000 0 0
4.700000 0 0
4.710000 0 0
4.720000 0 0
4.730000 0 0
4.740000 0 0
4.750000 0 0
4.760000 0 0
4.770000 0 0
4.780000 0 0
4.790000 0 0
4.800000 0 0
4.810000 0 0
4.820000 0 0
4.830000 0 0
4.840000 0 0
4.850000 0 0
4.860000 0 0
4.870000 0 0
4.880000 0 0
4.890000 0 0
4.900000 0 0
4.910000 0 0
4.920000 0 0
4.930000 0 0
4.940000 0 0
4.950000 0 0
4.960000 0 0
4.970000 0 0
4.980000 0 0
4.990000 0 0
5.000000 0 0
5.010000 0 0
5.020000 0 0
5.030000 0 0
5.040000 0 0
5.050000 0 0
5.060000 0 0
5.070000 0 0
5.080000 0 0
5.090000 0 0
5.100000 0 0
5.110000 0 0
5.120000 0 0
5.130000 0 0
5.140000 0 0
5.150000 0 0
5.160000 0 0
5.170000 0 0
5.180000 0 0
5.190000 0 0
5.200000 0 0
5.210000 0 0
5.220000 0 0
5.230000 0 0
5.240000 0 0
5.250000 0 0
5.260000 0 0
5.270000 0 0
5.280000 0 0
5.290000 0 0
5.300000 0 0
5.310000 0 0
5.320000 0 0
5.330000 0 0
5.340000 0 0
5.350000 0 0
5.360000 0 0
5.370000 0 0
5.380000 0 0
5.390000 0 0
5.400000 0 0
5.410000 0 0
5.420000 0 0
5.430000 0 0
5.440000 0 0
5.450000 0 0
5.460000 0 0
5.470000 0 0
5.480000 0 0
5.490000 0 0
5.500000 0 0
5.510000 0 0
5.520000 0 0
5.530000 0 0
5.540000 0 0
5.550000 0 0
5.560000 0 0
5.570000 0 0
5.580000 0 0
5.590000 0 0
5.600000 0 0
5.610000 0 0
5.620000 0 0
5.630000 0 0
5.640000 0 0
5.650000 0 0
5.660000 0 0
5.670000 0 0
5.680000 0 0
5.690000 0 0
5.700000 0 0
5.710000 0 0
5.720000 0 0
5.730000 0 0
5.740000 0 0
5.750000 0 0
5.760000 0 0
5.770000 0 0
5.780000 0 0
5.790000 0 0
5.800000 0 0
5.810000 0 0
5.820000 0 0
5.830000 0 0
5.840000 0 0
5.850000 0 0
5.860000 0 0
5.870000 0 0
5.880000 0 0
5.890000 0 0
5.900000 0 0
5.910000 0 0
5.920000 0 0
5.930000 0 0
5.940000 0 0
5.950000 0 0
5.960000 0 0
5.970000 0 0
5.980000 0 0
5.990000 0 0
6.000000 0 0
6.010000 0 0
6.020000 0 0
6.030000 0 0
6.040000 0 0
6.050000 0 0
6.060000 0 0
6.070000 0 0
6.080000 0 0
6.090000 0 0
6.100000 0 0
6.110000 0 0
6.120000 0 0
6.130000 0 0
6.140000 0 0
6.150000 0 0
6.160000 0 0
6.170000 0 0
6.180000 0 0
6.190000 0 0
6.200000 0 0
6.210000 0 0
6.220000 0 0
6.230000 0 0
6.240000 0 0
6.250000 0 0
6.260000 0 0
6.270000 0 0
6.280000 0 0
6.290000 0 0
6.300000 0 0
6.310000 0 0
6.320000 0 0
6.330000 0 0
6.340000 0 0
6.350000 0 0
6.360000 0 0
6.370000 0 0
6.380000 0 0
6.390000 0 0
6.400000 0 0
6.410000 0 0
6.420000 0 0
6.430000 0 0
6.440000 0 0
6.450000 0 0
6.460000 0 0
6.470000 0 0
6.480000 0 0
6.490000 0 0
6.500000 0 0
6.510000 0 0
6.520000 0 0
6.530000 0 0
6.540000 0 0
6.550000 0 0
6.560000 0 0
6.570000 0 0
6.580000 0 0
6.590000 0 0
6.600000 0 0
6.610000 0 0
6.620000 0 0
6.630000 0 0
6.640000 0 0
6.650000 0 0
6.660000 0 0
6.670000 0 0
6.680000 0 0
6.690000 0 0
6.700000 0 0
6.710000 0 0
6.720000 0 0
6.730000 0 0
6.740000 0 0
6.750000 0 0
6.760000 0 0
6.770000 0 0
6.780000 0 0
6.790000 0 0
6.800000 0 0
6.810000 0 0
6.820000 0 0
6.830000 0 0
6.840000 0 0
6.850000 0 0
6.860000 0 0
6.870000 0 0
6.880000 0 0
6.890000 0 0
6.900000 0 0
6.910000 0 0
6.920000 0 0
6.930000 0 0
6.940000 0 0
6.950000 0 0
6.960000 0 0
6.970000 0 0
6.980000 0 0
6.990000 0 0
7.000000 0 0
7.010000 0 0
7.020000 0 0
7.030000 0 0
7.040000 0 0
7.050000 0 0
7.060000 0 0
7.070000 0 0
7.080000 0 0
7.090000 0 0
7.100000 0 0
7.110000 0 0
7.120000 0 0
7.130000 0 0
7.140000 0 0
7.150000 0 0
7.160000 0 0
7.170000 0 0
7.180000 0 0
7.190000 0 0
7.200000 0 0
7.210000 0 0
7.220000 0 0
7.230000 0 0
7.240000 0 0
7.250000 0 0
7.260000 0 0
7.270000 0 0
7.280000 0 0
7.290000 0 0
7.300000 0 0
7.310000 0 0
7.320000 0 0
7.330000 0 0
7.340000 0 0
7.350000 0 0
7.360000 0 0
7.370000 0 0
7.380000 0 0
7.390000 0 0
7.400000 0 0
7.410000 0 0
7.420000 0 0
7.430000 0 0
7.440000 0 0
7.450000 0 0
7.460000 0 0
7.470000 0 0
7.480000 0 0
7.490000 0 0
7.500000 0 0
7.510000 0 0
7.520000 0 0
7.530000 0 0
7.540000 0 0
7.550000 0 0
7.560000 0 0
7.570000 0 0
7.580000 0 0
7.590000 0 0
7.600000 0 0
7.610000 0 0
7.620000 0 0
7.630000 0 0
7.640000 0 0
7.650000 0 0
7.660000 0 0
7.670000 0 0
7.680000 0 0
7.690000 0 0
7.700000 0 0
7.710000 0 0
7.720000 0 0
7.730000 0 0
7.740000 0 0
7.750000 0 0
7.760000 0 0
7.770000 0 0
7.780000 0 0
7.790000 0 0
7.800000 0 0
7.810000 0 0
7.820000 0 0
7.830000 0 0
7.840000 0 0
7.850000 0 0
7.860000 0 0
7.870000 0 0
7.880000 0 0
7.890000 0 0
7.900000 0 0
7.910000 0 0
7.920000 0 0
7.930000 0 0
7.940000 0 0
7.950000 0 0
7.960000 0 0
7.970000 0 0
7.980000 0 0
7.990000 0 0
8.000000 0 0
8.010000 0 0
8.020000 0 0
8.030000 0 0
8.040000 0 0
8.050000 0 0
8.060000 0 0
8.070000 0 0
8.080000 0 0
8.090000 0 0
8.100000 0 0
8.110000 0 0
8.120000 0 0
8.130000 0 0
8.140000 0 0
8.150000 0 0
8.160000 0 0
8.170000 0 0
8.180000 0 0
8.190000 0 0
8.200000 0 0
8.210000 0 0
8.220000 0 0
8.230000 0 0
8.240000 0 0
8.250000 0 0
8.260000 0 0
8.270000 0 0
8.280000 0 0
8.290000 0 0
8.300000 0 0
8.310000 0 0
8.320000 0 0
8.330000 0 0
8.340000 0 0
8.350000 0 0
8.360000 0 0
8.370000 0 0
8.380000 0 0
8.390000 0 0
8.400000 0 0
8.410000 0 0
8.420000 0 0
8.430000 0 0
8.440000 0 0
8.450000 0 0
8.460000 0 0
8.470000 0 0
8.480000 0 0
8.490000 0 0
8.500000 0 0
8.510000 0 0
8.520000 0 0
8.530000 0 0
8.540000 0 0
8.550000 0 0
8.560000 0 0
8.570000 0 0
8.580000 0 0
8.590000 0 0
8.600000 0 0
8.610000 0 0
8.620000 0 0
8.630000 0 0
8.640000 0 0
8.650000 0 0
8.660000 0 0
8.670000 0 0
8.680000 0 0
8.690000 0 0
8.700000 0 0
8.710000 0 0
8.720000 0 0
8.730000 0 0
8.740000 0 0
8.750000 0 0
8.760000 0 0
8.770000 0 0
8.780000 0 0
8.790000 0 0
8.800000 0 0
8.810000 0 0
8.820000 0 0
8.830000 0 0
8.840000 0 0
8.850000 0 0
8.860000 0 0
8.870000 0 0
8.880000 0 0
8.890000 0 0
8.900000 0 0
8.910000 0 0
8.920000 0 0
8.930000 0 0
8.940000 0 0
8.950000 0 0
8.960000 0 0
8.970000 0 0
8.980000 0 0
8.990000 0 0
9.000000 0 0
9.010000 0 0
9.020000 0 0
9.030000 0 0
9.040000 0 0
9.050000 0 0
9.060000 0 0
9.070000 0 0
9.080000 0 0
9.090000 0 0
9.100000 0 0
9.110000 0 0
9.120000 0 0
9.130000 0 0
9.140000 0 0
9.150000 0 0
9.160000 0 0
9.170000 0 0
9.180000 0 0
9.190000 0 0
9.200000 0 0
9.210000 0 0
9.220000 0 0
9.230000 0 0
9.240000 0 0
9.250000 0 0
9.260000 0 0
9.270000 0 0
9.280000 0 0
9.290000 0 0
9.300000 0 0
9.310000 0 0
9.320000 0 0
9.330000 0 0
9.340000 0 0
9.350000 0 0
9.360000 0 0
9.370000 0 0
9.380000 0 0
9.390000 0 0
9.400000 0 0
9.410000 0 0
9.420000 0 0
9.430000 0 0
9.440000 0 0
9.450000 0 0
9.460000 0 0
9.470000 0 0
9.480000 0 0
9.490000 0 0
9.500000 0 0
9.510000 0 0
9.520000 0 0
9.530000 0 0
9.540000 0 0
9.550000 0 0
9.560000 0 0
9.570000 0 0
9.580000 0 0
9.590000 0 0
9.600000 0 0
9.610000 0 0
9.620000 0 0
9.630000 0 0
9.640000 0 0
9.650000 0 0
9.660000 0 0
9.670000 0 0
9.680000 0 0
9.690000 0 0
9.700000 0 0
9.710000 0 0
9.720000 0 0
9.730000 0 0
9.740000 0 0
9.750000 0 0
9.760000 0 0
9.770000 0 0
9.780000 0 0
9.790000 0 0
9.800000 0 0
9.810000 0 0
9.820000 0 0
9.830000 0 0
9.840000 0 0
9.850000 0 0
9.860000 0 0
9.870000 0 0
9.880000 0 0
9.890000 0 0
9.900000 0 0
9.910000 0 0
9.920000 0 0
9.930000 0 0
9.940000 0 0
9.950000 0 0
9.960000 0 0
9.970000 0 0
9.980000 0 0
9.990000 0 0
10.000000 0 0
10.010000 0 0
10.020000 0 0
10.030000 0 0
10.040000 0 0
10.050000 0 0
10.060000 0 0
10.070000 0 0
10.080000 0 0
10.090000 0 0
10.100000 0 0
10.110000 0 0
10.120000 0 0
10.130000 0 0
10.140000 0 0
10.150000 0 0
10.160000 0 0
10.170000 0 0
10.180000 0 0
10.190000 0 0
10.200000 0 0
10.210000 0 0
10.220000 0 0
10.230000 0 0
10.240000 0 0
10.250000 0 0
10.260000 0 0
10.270000 0 0
10.280000 0 0
10.290000 0 0
10.300000 0 0
10.310000 0 0
10.320000 0 0
10.330000 0 0
10.340000 0 0
10.350000 0 0
10.360000 0 0
10.370000 0 0
10.380000 0 0
10.390000 0 0
10.400000 0 0
10.410000 0 0
10.420000 1 0
10.430000 0 0
10.440000 0 0
10.450000 0 0
10.460000 0 0
10.470000 0 0
10.480000 0 0
10.490000 0 0
10.500000 0 0
10.510000 0 0
10.520000 0 0
10.530000 0 0
10.540000 0 0
10.550000 0 0
10.560000 0 0
10.570000 0 0
10.580000 0 0
10.590000 0 0
10.600000 0 0
10.610000 0 0
10.620000 0 0
10.630000 0 0
10.640000 0 0
10.650000 0 0
10.660000 0 0
10.670000 0 0
10.680000 0 0
10.690000 0 0
10.700000 0 0
10.710000 0 0
10.720000 0 0
10.730000 0 0
10.740000 0 0
10.750000 0 0
10.760000 0 0
10.770000 0 0
10.780000 0 0
10.790000 0 0
10.800000 0 0
10.810000 0 0
10.820000 0 0
10.830000 0 0
10.840000 0 0
10.850000 0 0
10.860000 0 0
10.870000 0 0
10.880000 0 0
10.890000 0 0
10.900000 0 0
10.910000 0 0
10.920000 0 0
10.930000 0 0
10.940000 0 0
10.950000 0 0
10.960000 0 0
10.970000 0 0
10.980000 0 0
10.990000 0 0
11.000000 0 0
11.010000 0 0
11.020000 0 0
11.030000 0 0
11.040000 0 0
11.050000 0 0
11.060000 0 0
11.070000 0 0
11.080000 0 0
11.090000 0 0
11.100000 0 0
11.110000 0 0
11.120000 0 0
11.130000 0 0
11.140000 0 0
11.150000 0 0
11.160000 0 0
11.170000 0 0
11.180000 0 0
11.190000 0 0
11.200000 0 0
11.210000 0 0
11.220000 0 0
11.230000 0 0
11.240000 0 0
11.250000 0 0
11.260000 0 0
11.270000 0 0
11.280000 0 0
11.290000 0 0
11.300000 0 0
11.310000 0 0
11.320000 0 0
11.330000 0 0
11.340000 0 0
11.350000 0 0
11.360000 0 0
11.370000 0 0
11.380000 0 0
11.390000 0 0
11.400000 0 0
11.410000 0 0
11.420000 0 0
11.430000 0 0
11.440000 0 0
11.450000 0 0
11.460000 0 0
11.470000 0 0
11.480000 0 0
11.490000 0 0
11.500000 0 0
11.510000 0 0
11.520000 0 0
11.530000 0 0
11.540000 0 0
11.550000 0 0
11.560000 0 0
11.570000 0 0
11.580000 0 0
11.590000 0 0
11.600000 0 0
11.610000 0 0
11.620000 0 0
11.630000 0 0
11.640000 0 0
11.650000 0 0
11.660000 0 0
11.670000 0 0
11.680000 0 0
11.690000 0 0
11.700000 0 0
11.710000 0 0
11.720000 0 0
11.730000 0 0
11.740000 0 0
11.750000 0 0
11.760000 0 0
11.770000 0 0
11.780000 0 0
11.790000 0 0
11.800000 0 0
11.810000 0 0
11.820000 0 0
11.830000 0 0
11.840000 0 0
11.850000 0 0
11.860000 0 0
11.870000 0 0
11.880000 0 0
11.890000 0 0
11.900000 0 0
11.910000 0 0
11.920000 0 0
11.930000 0 0
11.940000 0 0
11.950000 0 0
11.960000 0 0
11.970000 0 0
11.980000 0 0
11.990000 0 0
12.000000 0 0
12.010000 0 0
12.020000 0 0
12.030000 0 0
12.040000 0 0
12.050000 0 0
12.060000 0 0
12.070000 0 0
12.080000 0 0
12.090000 0 0
12.100000 0 0
12.110000 0 0
12.120000 0 0
12.130000 0 0
12.140000 0 0
12.150000 0 0
12.160000 0 0
12.170000 0 0
12.180000 0 0
12.190000 0 0
12.200000 0 0
12.210000 0 0
12.220000 0 0
12.230000 0 0
12.240000 0 0
12.250000 0 0
12.260000 0 0
12.270000 0 0
12.280000 0 0
12.290000 0 0
12.300000 0 0
12.310000 0 0
12.320000 0 0
12.330000 0 0
12.340000 0 0
12.350000 0 0
12.360000 0 0
12.370000 0 0
12.380000 0 0
12.390000 0 0
12.400000 0 0
12.410000 0 0
12.420000 0 0
12.430000 0 0
12.440000 0 0
12.450000 0 0
12.460000 0 0
12.470000 0 0
12.480000 0 0
12.490000 0 0
12.500000 0 0
12.510000 0 0
12.520000 0 0
12.530000 0 0
12.540000 0 0
12.550000 0 0
12.560000 0 0
12.570000 0 0
12.580000 0 0
12.590000 0 0
12.600000 0 0
12.610000 0 0
12.620000 0 0
12.630000 0 0
12.640000 0 0
12.650000 0 0
12.660000 0 0
12.670000 0 0
12.680000 0 0
12.690000 0 0
12.700000 0 0
12.710000 0 0
12.720000 0 0
12.730000 0 0
12.740000 0 0
12.750000 0 0
12.760000 0 0
12.770000 0 0
12.780000 0 0
12.790000 0 0
12.800000 0 0
12.810000 0 0
12.820000 0 0
12.830000 0 0
12.840000 0 0
12.850000 0 0
12.860000 0 0
12.870000 0 0
12.880000 0 0
12.890000 0 0
12.900000 0 0
12.910000 0 0
12.920000 0 0
12.930000 0 0
12.940000 0 0
12.950000 0 0
12.960000 0 0
12.970000 0 0
12.980000 0 0
12.990000 0 0
13.000000 0 0
13.010000 0 0
13.020000 0 0
13.030000 0 0
13.040000 0 0
13.050000 0 0
13.060000 0 0
13.070000 0 0
13.080000 0 0
13.090000 0 0
13.100000 0 0
13.110000 0 0
13.120000 0 0
13.130000 0 0
13.140000 0 0
13.150000 0 0
13.160000 0 0
13.170000 0 0
13.180000 0 0
13.190000 0 0
13.200000 0 0
13.210000 0 0
13.220000 0 0
13.230000 0 0
13.240000 0 0
13.250000 0 0
13.260000 0 0
13.270000 0 0
13.280000 0 0
13.290000 0 0
13.300000 0 0
13.310000 0 0
13.320000 0 0
13.330000 0 0
13.340000 0 0
13.350000 0 0
13.360000 0 0
13.370000 0 0
13.380000 0 0
13.390000 0 0
13.400000 0 0
13.410000 0 0
13.420000 0 0
13.430000 0 0
13.440000 0 0
13.450000 0 0
13.460000 0 0
13.470000 0 0
13.480000 0 0
13.490000 0 0
13.500000 0 0
13.510000 0 0
13.520000 0 0
13.530000 0 0
13.540000 0 0
13.550000 0 0
13.560000 0 0
13.570000 0 0
13.580000 0 0
13.590000 0 0
13.600000 0 0
13.610000 0 0
13.620000 0 0
13.630000 0 0
13.640000 0 0
13.650000 0 0
13.660000 0 0
13.670000 0 0
13.680000 0 0
13.690000 0 0
13.700000 0 0
13.710000 0 0
13.720000 0 0
13.730000 0 0
13.740000 0 0
13.750000 0 0
13.760000 0 0
13.770000 0 0
13.780000 0 0
13.790000 0 0
13.800000 0 0
13.810000 0 0
13.820000 0 0
13.830000 0 0
13.840000 0 0
13.850000 0 0
13.860000 0 0
13.870000 0 0
13.880000 0 0
13.890000 0 0
13.900000 0 0
13.910000 0 0
13.920000 0 0
13.930000 0 0
13.940000 0 0
13.950000 0 0
13.960000 0 0
13.970000 0 0
13.980000 0 0
13.990000 0 0
14.000000 0 0
14.010000 0 0
14.020000 0 0
14.030000 0 0
14.040000 0 0
14.050000 0 0
14.060000 0 0
14.070000 0 0
14.080000 0 0
14.090000 0 0
14.100000 0 0
14.110000 0 0
14.120000 0 0
14.130000 0 0
14.140000 0 0
14.150000 0 0
14.160000 0 0
14.170000 0 0
14.180000 0 0
14.190000 0 0
14.200000 0 0
14.210000 0 0
14.220000 0 0
14.230000 0 0
14.240000 0 0
14.250000 0 0
14.260000 0 0
14.270000 0 0
14.280000 0 0
14.290000 0 0
14.300000 0 0
14.310000 0 0
14.320000 0 0
14.330000 0 0
14.340000 0 0
14.350000 0 0
14.360000 0 0
14.370000 0 0
14.380000 0 0
14.390000 0 0
14.400000 0 0
14.410000 0 0
14.420000 0 0
14.430000 0 0
14.440000 0 0
14.450000 0 0
14.460000 0 0
14.470000 0 0
14.480000 0 0
14.490000 0 0
14.500000 0 0
14.510000 0 0
14.520000 0 0
14.530000 0 0
14.540000 0 0
14.550000 0 0
14.560000 0 0
14.570000 0 0
14.580000 0 0
14.590000 0 0
14.600000 0 0
14.610000 0 0
14.620000 0 0
14.630000 0 0
14.640000 0 0
14.650000 0 0
14.660000 0 0
14.670000 0 0
14.680000 0 0
14.690000 0 0
14.700000 0 0
14.710000 0 0
14.720000 0 0
14.730000 0 0
14.740000 0 0
14.750000 0 0
14.760000 0 0
14.770000 0 0
14.780000 0 0
14.790000 0 0
14.800000 0 0
14.810000 0 0
14.820000 0 0
14.830000 0 0
14.840000 0 0
14.850000 0 0
14.860000 0 0
14.870000 0 0
14.880000 0 0
14.890000 0 0
14.900000 0 0
14.910000 0 0
14.920000 0 0
14.930000 0 0
14.940000 0 0
14.950000 0 0
14.960000 0 0
14.970000 0 0
14.980000 0 0
14.990000 0 0
15.000000 0 0
15.010000 0 0
15.020000 0 0
15.030000 0 0
15.040000 0 0
15.050000 0 0
15.060000 0 0
15.070000 0 0
15.080000 0 0
15.090000 0 0
15.100000 0 0
15.110000 0 0
15.120000 0 0
15.130000 0 0
15.140000 0 0
15.150000 0 0
15.160000 0 0
15.170000 0 0
15.180000 0 0
15.190000 0 0
15.200000 0 0
15.210000 0 0
15.220000 0 0
15.230000 0 0
15.240000 0 0
15.250000 0 0
15.260000 0 0
15.270000 0 0
15.280000 0 0
15.290000 0 0
15.300000 0 0
15.310000 0 0
15.320000 0 0
15.330000 0 0
15.340000 0 0
15.350000 0 0
15.360000 0 0
15.370000 0 0
15.380000 0 0
15.390000 0 0
15.400000 0 0
15.410000 0 0
15.420000 0 0
15.430000 0 0
15.440000 0 0
15.450000 0 0
15.460000 0 0
15.470000 0 0
15.480000 0 0
15.490000 0 0
15.500000 0 0
15.510000 0 0
15.520000 0 0
15.530000 0 0
15.540000 0 0
15.550000 0 0
15.560000 0 0
15.570000 0 0
15.580000 0 0
15.590000 0 0
15.600000 0 0
15.610000 0 0
15.620000 0 0
15.630000 0 0
15.640000 0 0
15.650000 0 0
15.660000 0 0
15.670000 0 0
15.680000 0 0
15.690000 0 0
15.700000 0 0
15.710000 0 0
15.720000 0 0
15.730000 0 0
15.740000 0 0
15.750000 0 0
15.760000 0 0
15.770000 0 0
15.780000 0 0
15.790000 0 0
15.800000 0 0
15.810000 0 0
15.820000 0 0
15.830000 0 0
15.840000 0 0
15.850000 0 0
15.860000 0 0
15.870000 0 0
15.880000 0 0
15.890000 0 0
15.900000 0 0
15.910000 0 0
15.920000 0 0
15.930000 0 0
15.940000 0 0
15.950000 0 0
15.960000 0 0
15.970000 0 0
15.980000 0 0
15.990000 0 0
16.000000 0 0
16.010000 0 0
16.020000 0 0
16.030000 0 0
16.040000 0 0
16.050000 0 0
16.060000 0 0
16.070000 0 0
16.080000 0 0
16.090000 0 0
16.100000 0 0
16.110000 0 0
16.120000 0 0
16.130000 0 0
16.140000 0 0
16.150000 0 0
16.160000 0 0
16.170000 0 0
16.180000 0 0
16.190000 0 0
16.200000 0 0
16.210000 0 0
16.220000 0 0
16.230000 0 0
16.240000 0 0
16.250000 0 0
16.260000 0 0
16.270000 0 0
16.280000 0 0
16.290000 0 0
16.300000 0 0
16.310000 0 0
16.320000 0 0
16.330000 0 0
16.340000 0 0
16.350000 0 0
16.360000 0 0
16.370000 0 0
16.380000 0 0
16.390000 0 0
16.400000 0 0
16.410000 0 0
16.420000 0 0
16.430000 0 0
16.440000 0 0
16.450000 0 0
16.460000 0 0
16.470000 0 0
16.480000 0 0
16.490000 0 0
16.500000 0 0
16.510000 0 0
16.520000 0 0
16.530000 0 0
16.540000 0 0
16.550000 0 0
16.560000 0 0
16.570000 0 0
16.580000 0 0
16.590000 0 0
16.600000 0 0
16.610000 0 0
16.620000 0 0
16.630000 0 0
16.640000 0 0
16.650000 0 0
16.660000 0 0
16.670000 0 0
16.680000 0 0
16.690000 0 0
16.700000 0 0
16.710000 0 0
16.720000 0 0
16.730000 0 0
16.740000 0 0
16.750000 0 0
16.760000 0 0
16.770000 0 0
16.780000 0 0
16.790000 0 0
16.800000 0 0
16.810000 0 0
16.820000 0 0
16.830000 0 0
16.840000 0 0
16.850000 0 0
16.860000 0 0
16.870000 0 0
16.880000 0 0
16.890000 0 0
16.900000 0 0
16.910000 0 0
16.920000 0 0
16.930000 0 0
16.940000 0 0
16.950000 0 0
16.960000 0 0
16.970000 0 0
16.980000 0 0
16.990000 0 0
17.000000 0 0
17.010000 0 0
17.020000 0 0
17.030000 0 0
17.040000 0 0
17.050000 0 0
17.060000 0 0
17.070000 0 0
17.080000 0 0
17.090000 0 0
17.100000 0 0
17.110000 0 0
17.120000 0 0
17.130000 0 0
17.140000 0 0
17.150000 0 0
17.160000 0 0
17.170000 0 0
17.180000 0 0
17.190000 0 0
17.200000 0 0
17.210000 0 0
17.220000 0 0
17.230000 0 0
17.240000 0 0
17.250000 0 0
17.260000 0 0
17.270000 0 0
17.280000 0 0
17.290000 0 0
17.300000 0 0
17.310000 0 0
17.320000 1 0
17.330000 0 0
17.340000 0 0
17.350000 0 0
17.360000 0 0
17.370000 0 0
17.380000 0 0
17.390000 0 0
17.400000 0 0
17.410000 2 0
17.420000 0 0
17.430000 0 0
17.440000 0 0
17.450000 0 0
17.460000 0 0
17.470000 0 0
17.480000 0 0
17.490000 0 0
17.500000 0 0
17.510000 0 0
17.520000 0 0
17.530000 0 0
17.540000 0 0
17.550000 0 0
17.560000 0 0
17.570000 0 0
17.580000 0 0
17.590000 0 0
17.600000 0 0
17.610000 0 0
17.620000 0 0
17.630000 0 0
17.640000 0 0
17.650000 0 0
17.660000 0 0
17.670000 0 0
17.680000 0 0
17.690000 0 0
17.700000 0 0
17.710000 0 0
17.720000 0 0
17.730000 0 0
17.740000 0 0
17.750000 0 0
17.760000 0 0
17.770000 0 0
17.780000 0 0
17.790000 0 0
17.800000 0 0
17.810000 0 0
17.820000 0 0
17.830000 0 0
17.840000 0 0
17.850000 0 0
17.860000 0 0
17.870000 0 0
17.880000 0 0
17.890000 0 0
17.900000 0 0
17.910000 0 0
17.920000 0 0
17.930000 0 0
17.940000 0 0
17.950000 0 0
17.960000 0 0
17.970000 0 0
17.980000 0 0
17.990000 0 0
18.000000 1 0
18.010000 0 0
18.020000 0 0
18.030000 0 0
18.040000 0 0
18.050000 0 0
18.060000 0 0
18.070000 0 0
18.080000 0 0
18.090000 4 0
18.100000 0 0
18.110000 0 0
18.120000 0 0
18.130000 0 0
18.140000 0 0
18.150000 0 0
18.160000 0 0
18.170000 0 0
18.180000 0 0
18.190000 0 0
18.200000 0 0
18.210000 0 0
18.220000 0 0
18.230000 0 0
18.240000 0 0
18.250000 0 0
18.260000 3 0
18.270000 0 0
18.280000 0 0
18.290000 0 0
18.300000 0 0
18.310000 0 0
18.320000 0 0
18.330000 0 0
18.340000 0 0
18.350000 0 0
18.360000 0 0
18.370000 0 0
18.380000 0 0
18.390000 0 0
18.400000 0 0
18.410000 0 0
18.420000 0 0
18.430000 0 0
18.440000 0 0
18.450000 0 0
18.460000 0 0
18.470000 0 0
18.480000 0 0
18.490000 0 0
18.500000 0 0
18.510000 0 0
18.520000 0 0
18.530000 1 0
18.540000 0 0
18.550000 0 0
18.560000 0 0
18.570000 0 0
18.580000 0 0
18.590000 0 0
18.600000 0 0
18.610000 0 0
18.620000 0 0
18.630000 0 0
18.640000 0 0
18.650000 0 0
18.660000 0 0
18.670000 0 0
18.680000 0 0
18.690000 0 0
18.700000 0 0
18.710000 0 0
18.720000 0 0
18.730000 0 0
18.740000 0 0
18.750000 0 0
18.760000 0 0
18.770000 0 0
18.780000 0 0
18.790000 0 0
18.800000 0 0
18.810000 0 0
18.820000 0 0
18.830000 0 0
18.840000 3 0
18.850000 0 0
18.860000 0 0
18.870000 0 0
18.880000 0 0
18.890000 0 0
18.900000 0 0
18.910000 0 0
18.920000 4 0
18.930000 5 0
18.940000 1 0
18.950000 0 0
18.960000 0 0
18.970000 0 0
18.980000 0 0
18.990000 2 0
19.000000 0 0
19.010000 0 0
19.020000 0 0
19.030000 1 0
19.040000 0 0
19.050000 0 0
19.060000 0 0
19.070000 0 0
19.080000 0 0
19.090000 0 0
19.100000 0 0
19.110000 0 0
19.120000 0 0
19.130000 0 0
19.140000 0 0
19.150000 0 0
19.160000 0 0
19.170000 2 0
19.180000 0 0
19.190000 0 0
19.200000 0 0
19.210000 0 0
19.220000 0 0
19.230000 0 0
19.240000 0 0
19.250000 2 0
19.260000 4 0
19.270000 0 0
19.280000 0 0
19.290000 0 0
19.300000 0 0
19.310000 0 0
19.320000 0 0
19.330000 2 0
19.340000 0 0
19.350000 0 0
19.360000 0 0
19.370000 0 0
19.380000 0 0
19.390000 0 0
19.400000 0 0
19.410000 0 0
19.420000 0 0
19.430000 1 0
19.440000 0 0
19.450000 0 0
19.460000 0 0
19.470000 0 0
19.480000 0 0
19.490000 0 0
19.500000 0 0
19.510000 0 0
19.520000 1 0
19.530000 0 0
19.540000 0 0
19.550000 0 0
19.560000 0 0
19.570000 0 0
19.580000 0 0
19.590000 0 0
19.600000 0 0
19.610000 0 0
19.620000 0 0
19.630000 0 0
19.640000 0 0
19.650000 0 0
19.660000 0 0
19.670000 5 0
19.680000 5 0
19.690000 1 0
19.700000 0 0
19.710000 0 0
19.720000 0 0
19.730000 2 0
19.740000 0 0
19.750000 0 0
19.760000 0 0
19.770000 0 0
19.780000 0 0
19.790000 0 0
19.800000 0 0
19.810000 0 0
19.820000 0 0
19.830000 0 0
19.840000 1 0
19.850000 0 0
19.860000 0 0
19.870000 0 0
19.880000 0 0
19.890000 0 0
19.900000 0 0
19.910000 0 0
19.920000 0 0
19.930000 0 0
19.940000 0 0
19.950000 0 0
19.960000 0 0
19.970000 0 0
19.980000 2 0
19.990000 0 0
20.000000 0 0
20.010000 0 0
20.020000 5 0
20.030000 0 0
20.040000 0 0
20.050000 0 0
20.060000 0 0
20.070000 1 0
20.080000 0 0
20.090000 0 0
20.100000 0 0
20.110000 0 0
20.120000 0 0
20.130000 0 0
20.140000 0 0
20.150000 0 0
20.160000 2 0
20.170000 0 0
20.180000 0 0
20.190000 0 0
20.200000 1 0
20.210000 0 0
20.220000 0 0
20.230000 0 0
20.240000 1 0
20.250000 0 0
20.260000 0 0
20.270000 8 0
20.280000 4 0
20.290000 5 0
20.300000 0 0
20.310000 3 0
20.320000 4 0
20.330000 0 0
20.340000 0 0
20.350000 0 0
20.360000 0 0
20.370000 0 0
20.380000 0 0
20.390000 0 0
20.400000 0 0
20.410000 3 0
20.420000 0 0
20.430000 1 0
20.440000 0 0
20.450000 2 0
20.460000 0 0
20.470000 0 0
20.480000 0 0
20.490000 0 0
20.500000 0 0
20.510000 0 0
20.520000 0 0
20.530000 0 0
20.540000 4 0
20.550000 6 0
20.560000 5 0
20.570000 0 0
20.580000 0 0
20.590000 0 0
20.600000 0 0
20.610000 2 0
20.620000 0 0
20.630000 0 0
20.640000 1 0
20.650000 5 0
20.660000 7 0
20.670000 0 0
20.680000 1 0
20.690000 0 0
20.700000 2 0
20.710000 0 0
20.720000 0 0
20.730000 0 0
20.740000 0 0
20.750000 0 0
20.760000 0 0
20.770000 0 0
20.780000 3 0
20.790000 0 0
20.800000 0 0
20.810000 0 0
20.820000 0 0
20.830000 0 0
20.840000 0 0
20.850000 0 0
20.860000 0 0
20.870000 0 0
20.880000 0 0
20.890000 0 0
20.900000 0 0
20.910000 0 0
20.920000 1 0
20.930000 4 0
20.940000 0 0
20.950000 0 0
20.960000 0 0
20.970000 1 0
20.980000 7 0
20.990000 0 0
21.000000 0 0
21.010000 0 0
21.020000 0 0
21.030000 4 0
21.040000 2 0
21.050000 0 0
21.060000 1 0
21.070000 0 0
21.080000 4 0
21.090000 0 0
21.100000 0 0
21.110000 0 0
21.120000 0 0
21.130000 1 0
21.140000 0 0
21.150000 0 0
21.160000 3 0
21.170000 0 0
21.180000 0 0
21.190000 1 0
21.200000 0 0
21.210000 0 0
21.220000 0 0
21.230000 0 0
21.240000 0 0
21.250000 2 0
21.260000 0 0
21.270000 0 0
21.280000 0 0
21.290000 0 0
21.300000 0 0
21.310000 0 0
21.320000 0 0
21.330000 0 0
21.340000 0 0
21.350000 0 0
21.360000 0 0
21.370000 8 0
21.380000 6 0
21.390000 6 0
21.400000 0 0
21.410000 0 0
21.420000 0 0
21.430000 0 0
21.440000 2 0
21.450000 0 0
21.460000 0 0
21.470000 0 0
21.480000 0 0
21.490000 0 0
21.500000 0 0
21.510000 0 0
21.520000 0 0
21.530000 1 0
21.540000 0 0
21.550000 2 0
21.560000 0 0
21.570000 1 0
21.580000 0 0
21.590000 0 0
21.600000 4 0
21.610000 0 0
21.620000 2 0
21.630000 1 0
21.640000 0 0
21.650000 0 0
21.660000 0 0
21.670000 3 0
21.680000 0 0
21.690000 0 0
21.700000 0 0
21.710000 0 0
21.720000 1 0
21.730000 2 0
21.740000 0 0
21.750000 4 0
21.760000 1 0
21.770000 0 0
21.780000 0 0
21.790000 0 0
21.800000 0 0
21.810000 0 0
21.820000 2 0
21.830000 4 0
21.840000 0 0
21.850000 0 0
21.860000 0 0
21.870000 1 0
21.880000 0 0
21.890000 0 0
21.900000 0 0
21.910000 4 0
21.920000 6 0
21.930000 2 0
21.940000 0 0
21.950000 1 0
21.960000 8 0
21.970000 6 0
21.980000 0 0
21.990000 0 0
22.000000 3 0
22.010000 0 0
22.020000 0 0
22.030000 1 0
22.040000 0 0
22.050000 6 0
22.060000 8 0
22.070000 9 0
22.080000 4 0
22.090000 0 0
22.100000 0 0
22.110000 0 0
22.120000 2 0
22.130000 0 0
22.140000 0 0
22.150000 0 0
22.160000 4 0
22.170000 2 0
22.180000 0 0
22.190000 3 0
22.200000 0 0
22.210000 2 0
22.220000 2 0
22.230000 0 0
22.240000 4 0
22.250000 0 0
22.260000 5 0
22.270000 2 0
22.280000 0 0
22.290000 0 0
22.300000 0 0
22.310000 0 0
22.320000 0 0
22.330000 6 0
22.340000 6 0
22.350000 3 0
22.360000 4 0
22.370000 5 0
22.380000 3 0
22.390000 2 0
22.400000 2 0
22.410000 4 0
22.420000 1 0
22.430000 0 0
22.440000 3 0
22.450000 1 0
22.460000 0 0
22.470000 0 0
22.480000 5 0
22.490000 6 0
22.500000 6 0
22.510000 0 0
22.520000 3 0
22.530000 0 0
22.540000 0 0
22.550000 1 0
22.560000 5 0
22.570000 6 0
22.580000 0 0
22.590000 0 0
22.600000 3 0
22.610000 6 0
22.620000 4 0
22.630000 0 0
22.640000 0 0
22.650000 0 0
22.660000 6 0
22.670000 6 0
22.680000 5 0
22.690000 0 0
22.700000 1 0
22.710000 4 0
22.720000 5 0
22.730000 1 0
22.740000 3 0
22.750000 6 0
22.760000 1 0
22.770000 2 0
22.780000 0 0
22.790000 0 0
22.800000 0 0
22.810000 6 0
22.820000 2 0
22.830000 1 0
22.840000 0 0
22.850000 4 0
22.860000 2 0
22.870000 0 0
22.880000 7 0
22.890000 9 0
22.900000 5 0
22.910000 0 0
22.920000 0 0
22.930000 3 0
22.940000 2 0
22.950000 3 0
22.960000 6 0
22.970000 1 0
22.980000 8 0
22.990000 7 0
23.000000 6 0
23.010000 9 0
23.020000 5 0
23.030000 3 0
23.040000 4 0
23.050000 3 0
23.060000 10 0
23.070000 10 0
23.080000 4 0
23.090000 6 0
23.100000 2 0
23.110000 0 0
23.120000 4 0
23.130000 6 0
23.140000 1 0
23.150000 5 0
23.160000 5 0
23.170000 3 0
23.180000 3 0
23.190000 0 0
23.200000 1 0
23.210000 4 0
23.220000 4 0
23.230000 6 0
23.240000 8 0
23.250000 5 0
23.260000 2 0
23.270000 5 0
23.280000 5 0
23.290000 1 0
23.300000 2 0
23.310000 8 0
23.320000 4 0
23.330000 3 0
23.340000 3 0
23.350000 2 0
23.360000 6 0
23.370000 8 0
23.380000 6 0
23.390000 10 0
23.400000 10 0
23.410000 3 0
23.420000 5 0
23.430000 8 0
23.440000 13 0
23.450000 7 0
23.460000 6 0
23.470000 5 0
23.480000 1 0
23.490000 12 0
23.500000 10 0
23.510000 5 0
23.520000 3 0
23.530000 2 0
23.540000 5 0
23.550000 7 0
23.560000 4 0
23.570000 5 0
23.580000 8 0
23.590000 4 0
23.600000 3 0
23.610000 5 0
23.620000 4 0
23.630000 7 0
23.640000 14 0
23.650000 16 0
23.660000 9 0
23.670000 8 0
23.680000 9 0
23.690000 6 0
23.700000 7 0
23.710000 8 0
23.720000 11 0
23.730000 8 0
23.740000 8 0
23.750000 6 0
23.760000 8 0
23.770000 11 0
23.780000 13 0
23.790000 10 0
23.800000 12 0
23.810000 7 0
23.820000 9 0
23.830000 12 0
23.840000 16 0
23.850000 14 0
23.860000 11 0
23.870000 6 0
23.880000 9 0
23.890000 8 0
23.900000 7 0
23.910000 8 0
23.920000 10 0
23.930000 13 0
23.940000 8 0
23.950000 10 0
23.960000 10 0
23.970000 10 0
23.980000 11 0
23.990000 15 0
24.000000 13 0
24.010000 14 0
24.020000 14 0
24.030000 10 0
24.040000 14 0
24.050000 9 0
24.060000 9 0
24.070000 16 0
24.080000 8 0
24.090000 10 0
24.100000 13 0
24.110000 15 0
24.120000 12 0
24.130000 13 0
24.140000 16 0
24.150000 9 0
24.160000 19 0
24.170000 10 0
24.180000 14 0
24.190000 18 0
24.200000 15 0
24.210000 17 0
24.220000 18 0
24.230000 15 0
24.240000 19 0
24.250000 16 0
24.260000 19 0
24.270000 17 0
24.280000 14 0
24.290000 17 0
24.300000 16 0
24.310000 21 0
24.320000 18 0
24.330000 16 0
24.340000 16 0
24.350000 18 0
24.360000 24 0
24.370000 19 0
24.380000 18 0
24.390000 21 0
24.400000 27 0
24.410000 21 0
24.420000 23 0
24.430000 19 0
24.440000 16 0
24.450000 14 0
24.460000 14 0
24.470000 22 0
24.480000 17 0
24.490000 20 0
24.500000 19 0
24.510000 17 0
24.520000 18 0
24.530000 17 0
24.540000 18 0
24.550000 21 0
24.560000 25 0
24.570000 24 0
24.580000 20 0
24.590000 26 0
24.600000 23 0
24.610000 22 0
24.620000 19 0
24.630000 23 0
24.640000 24 0
24.650000 18 0
24.660000 20 0
24.670000 21 0
24.680000 23 0
24.690000 23 0
24.700000 23 0
24.710000 26 0
24.720000 26 0
24.730000 21 0
24.740000 26 0
24.750000 25 0
24.760000 26 0
24.770000 24 0
24.780000 24 0
24.790000 25 0
24.800000 25 0
24.810000 20 0
24.820000 20 0
24.830000 22 0
24.840000 28 0
24.850000 28 0
24.860000 29 0
24.870000 25 0
24.880000 26 0
24.890000 22 0
24.900000 23 0
24.910000 28 2
24.920000 29 3
24.930000 23 1
24.940000 22 0
24.950000 25 0
24.960000 24 0
24.970000 23 0
24.980000 21 0
24.990000 15 0
25.000000 14 0
25.010000 13 0
25.020000 3 0
25.030000 2 0
25.040000 4 0
25.050000 4 0
25.060000 1 0
25.070000 0 0
25.080000 0 0
25.090000 0 0
25.100000 0 0
25.110000 0 0
25.120000 0 0
25.130000 0 0
25.140000 0 0
25.150000 0 0
25.160000 0 0
25.170000 0 0
25.180000 0 0
25.190000 0 0
25.200000 0 0
25.210000 0 0
25.220000 0 0
25.230000 0 0
25.240000 0 0
25.250000 0 0
25.260000 0 0
25.270000 0 0
25.280000 0 0
25.290000 0 0
25.300000 0 0
25.310000 0 0
25.320000 0 0
25.330000 0 0
25.340000 0 0
25.350000 0 0
25.360000 0 0
25.370000 0 0
25.380000 0 0
25.390000 0 0
25.400000 0 0
25.410000 0 0
25.420000 3 0
25.430000 0 0
25.440000 0 0
25.450000 3 0
25.460000 0 0
25.470000 0 0
25.480000 0 0
25.490000 0 0
25.500000 1 0
25.510000 0 0
25.520000 0 0
25.530000 0 0
25.540000 0 0
25.550000 0 0
25.560000 0 0
25.570000 0 0
25.580000 0 0
25.590000 0 0
25.600000 2 0
25.610000 0 0
25.620000 0 0
25.630000 0 0
25.640000 0 0
25.650000 0 0
25.660000 0 0
25.670000 0 0
25.680000 0 0
25.690000 0 0
25.700000 0 0
25.710000 0 0
25.720000 6 0
25.730000 0 0
25.740000 0 0
25.750000 0 0
25.760000 0 0
25.770000 0 0
25.780000 0 0
25.790000 0 0
25.800000 0 0
25.810000 0 0
25.820000 0 0
25.830000 0 0
25.840000 0 0
25.850000 0 0
25.860000 0 0
25.870000 0 0
25.880000 0 0
25.890000 0 0
25.900000 0 0
25.910000 0 0
25.920000 0 0
25.930000 0 0
25.940000 0 0
25.950000 0 0
25.960000 0 0
25.970000 0 0
25.980000 0 0
25.990000 0 0
26.000000 1 0
26.010000 0 0
26.020000 0 0
26.030000 0 0
26.040000 0 0
26.050000 0 0
26.060000 0 0
26.070000 0 0
26.080000 0 0
26.090000 0 0
26.100000 5 0
26.110000 0 0
26.120000 0 0
26.130000 0 0
26.140000 0 0
26.150000 0 0
26.160000 6 0
26.170000 0 0
26.180000 0 0
26.190000 0 0
26.200000 0 0
26.210000 0 0
26.220000 0 0
26.230000 0 0
26.240000 0 0
26.250000 0 0
26.260000 0 0
26.270000 0 0
26.280000 0 0
26.290000 0 0
26.300000 0 0
26.310000 0 0
26.320000 0 0
26.330000 0 0
26.340000 0 0
26.350000 4 0
26.360000 0 0
26.370000 0 0
26.380000 0 0
26.390000 0 0
26.400000 0 0
26.410000 1 0
26.420000 2 0
26.430000 0 0
26.440000 0 0
26.450000 0 0
26.460000 0 0
26.470000 0 0
26.480000 0 0
26.490000 0 0
26.500000 0 0
26.510000 0 0
26.520000 0 0
26.530000 3 0
26.540000 0 0
26.550000 0 0
26.560000 0 0
26.570000 2 0
26.580000 0 0
26.590000 0 0
26.600000 0 0
26.610000 0 0
26.620000 0 0
26.630000 0 0
26.640000 0 0
26.650000 0 0
26.660000 0 0
26.670000 0 0
26.680000 0 0
26.690000 0 0
26.700000 0 0
26.710000 0 0
26.720000 0 0
26.730000 0 0
26.740000 0 0
26.750000 0 0
26.760000 1 0
26.770000 0 0
26.780000 0 0
26.790000 0 0
26.800000 2 0
26.810000 0 0
26.820000 0 0
26.830000 0 0
26.840000 0 0
26.850000 1 0
26.860000 0 0
26.870000 0 0
26.880000 0 0
26.890000 0 0
26.900000 0 0
26.910000 0 0
26.920000 0 0
26.930000 0 0
26.940000 0 0
26.950000 2 0
26.960000 0 0
26.970000 0 0
26.980000 0 0
26.990000 0 0
27.000000 0 0
27.010000 0 0
27.020000 0 0
27.030000 0 0
27.040000 0 0
27.050000 1 0
27.060000 0 0
27.070000 0 0
27.080000 1 0
27.090000 0 0
27.100000 0 0
27.110000 2 0
27.120000 0 0
27.130000 0 0
27.140000 0 0
27.150000 0 0
27.160000 0 0
27.170000 0 0
27.180000 0 0
27.190000 0 0
27.200000 0 0
27.210000 0 0
27.220000 2 0
27.230000 1 0
27.240000 0 0
27.250000 0 0
27.260000 0 0
27.270000 0 0
27.280000 0 0
27.290000 0 0
27.300000 0 0
27.310000 0 0
27.320000 4 0
27.330000 0 0
27.340000 0 0
27.350000 0 0
27.360000 2 0
27.370000 4 0
27.380000 0 0
27.390000 0 0
27.400000 0 0
27.410000 0 0
27.420000 0 0
27.430000 3 0
27.440000 2 0
27.450000 0 0
27.460000 0 0
27.470000 0 0
27.480000 0 0
27.490000 3 0
27.500000 3 0
27.510000 0 0
27.520000 0 0
27.530000 0 0
27.540000 0 0
27.550000 0 0
27.560000 0 0
27.570000 0 0
27.580000 1 0
27.590000 0 0
27.600000 0 0
27.610000 0 0
27.620000 0 0
27.630000 3 0
27.640000 7 0
27.650000 0 0
27.660000 0 0
27.670000 0 0
27.680000 0 0
27.690000 0 0
27.700000 0 0
27.710000 0 0
27.720000 0 0
27.730000 0 0
27.740000 0 0
27.750000 0 0
27.760000 0 0
27.770000 0 0
27.780000 0 0
27.790000 0 0
27.800000 0 0
27.810000 0 0
27.820000 0 0
27.830000 0 0
27.840000 0 0
27.850000 0 0
27.860000 0 0
27.870000 0 0
27.880000 0 0
27.890000 0 0
27.900000 0 0
27.910000 0 0
27.920000 0 0
27.930000 0 0
27.940000 2 0
27.950000 0 0
27.960000 0 0
27.970000 0 0
27.980000 1 0
27.990000 0 0
28.000000 0 0
28.010000 0 0
28.020000 0 0
28.030000 0 0
28.040000 0 0
28.050000 0 0
28.060000 0 0
28.070000 0 0
28.080000 0 0
28.090000 0 0
28.100000 0 0
28.110000 0 0
28.120000 0 0
28.130000 0 0
28.140000 0 0
28.150000 0 0
28.160000 0 0
28.170000 0 0
28.180000 0 0
28.190000 0 0
28.200000 0 0
28.210000 0 0
28.220000 0 0
28.230000 0 0
28.240000 0 0
28.250000 0 0
28.260000 0 0
28.270000 0 0
28.280000 0 0
28.290000 0 0
28.300000 0 0
28.310000 0 0
28.320000 0 0
28.330000 0 0
28.340000 0 0
28.350000 0 0
28.360000 0 0
28.370000 0 0
28.380000 0 0
28.390000 0 0
28.400000 0 0
28.410000 0 0
28.420000 0 0
28.430000 0 0
28.440000 0 0
28.450000 0 0
28.460000 0 0
28.470000 0 0
28.480000 0 0
28.490000 0 0
28.500000 0 0
28.510000 0 0
28.520000 0 0
28.530000 0 0
28.540000 0 0
28.550000 0 0
28.560000 0 0
28.570000 0 0
28.580000 0 0
28.590000 0 0
28.600000 0 0
28.610000 0 0
28.620000 0 0
28.630000 0 0
28.640000 0 0
28.650000 0 0
28.660000 0 0
28.670000 0 0
28.680000 0 0
28.690000 0 0
28.700000 0 0
28.710000 0 0
28.720000 0 0
28.730000 0 0
28.740000 0 0
28.750000 0 0
28.760000 0 0
28.770000 0 0
28.780000 0 0
28.790000 0 0
28.800000 0 0
28.810000 0 0
28.820000 0 0
28.830000 0 0
28.840000 0 0
28.850000 0 0
28.860000 1 0
28.870000 0 0
28.880000 0 0
28.890000 0 0
28.900000 2 0
28.910000 0 0
28.920000 0 0
28.930000 0 0
28.940000 0 0
28.950000 0 0
28.960000 0 0
28.970000 0 0
28.980000 0 0
28.990000 0 0
29.000000 0 0
29.010000 0 0
29.020000 0 0
29.030000 0 0
29.040000 0 0
29.050000 0 0
29.060000 0 0
29.070000 0 0
29.080000 0 0
29.090000 0 0
29.100000 0 0
29.110000 0 0
29.120000 0 0
29.130000 0 0
29.140000 0 0
29.150000 0 0
29.160000 0 0
29.170000 0 0
29.180000 0 0
29.190000 0 0
29.200000 0 0
29.210000 0 0
29.220000 0 0
29.230000 0 0
29.240000 0 0
29.250000 0 0
29.260000 0 0
29.270000 0 0
29.280000 0 0
29.290000 0 0
29.300000 0 0
29.310000 0 0
29.320000 0 0
29.330000 0 0
29.340000 0 0
29.350000 0 0
29.360000 0 0
29.370000 0 0
29.380000 0 0
29.390000 0 0
29.400000 0 0
29.410000 0 0
29.420000 0 0
29.430000 0 0
29.440000 0 0
29.450000 0 0
29.460000 0 0
29.470000 0 0
29.480000 0 0
29.490000 0 0
29.500000 0 0
29.510000 0 0
29.520000 0 0
29.530000 0 0
29.540000 0 0
29.550000 0 0
29.560000 0 0
29.570000 0 0
29.580000 0 0
29.590000 0 0
29.600000 0 0
29.610000 0 0
29.620000 0 0
29.630000 0 0
29.640000 0 0
29.650000 0 0
29.660000 0 0
29.670000 0 0
29.680000 0 0
29.690000 0 0
29.700000 0 0
29.710000 0 0
29.720000 0 0
29.730000 0 0
29.740000 0 0
29.750000 0 0
29.760000 0 0
29.770000 0 0
29.780000 0 0
29.790000 0 0
29.800000 0 0
29.810000 0 0
29.820000 0 0
29.830000 0 0
29.840000 0 0
29.850000 0 0
29.860000 0 0
29.870000 0 0
29.880000 0 0
29.890000 0 0
29.900000 0 0
29.910000 0 0
29.920000 0 0
29.930000 0 0
29.940000 0 0
29.950000 0 0
29.960000 0 0
29.970000 0 0
29.980000 0 0
29.990000 0 0
30.000000 0 0
30.010000 0 0
30.020000 0 0
30.030000 0 0
30.040000 0 0
30.050000 0 0
30.060000 0 0
30.070000 0 0
30.080000 0 0
30.090000 0 0
30.100000 0 0
30.110000 0 0
30.120000 0 0
30.130000 0 0
30.140000 0 0
30.150000 0 0
30.160000 0 0
30.170000 0 0
30.180000 0 0
30.190000 0 0
30.200000 0 0
30.210000 0 0
30.220000 0 0
30.230000 0 0
30.240000 0 0
30.250000 0 0
30.260000 0 0
30.270000 0 0
30.280000 0 0
30.290000 0 0
30.300000 0 0
30.310000 0 0
30.320000 0 0
30.330000 0 0
30.340000 0 0
30.350000 0 0
30.360000 0 0
30.370000 0 0
30.380000 0 0
30.390000 0 0
30.400000 0 0
30.410000 0 0
30.420000 0 0
30.430000 0 0
30.440000 0 0
30.450000 0 0
30.460000 0 0
30.470000 0 0
30.480000 0 0
30.490000 0 0
30.500000 0 0
30.510000 0 0
30.520000 0 0
30.530000 0 0
30.540000 0 0
30.550000 0 0
30.560000 0 0
30.570000 0 0
30.580000 0 0
30.590000 0 0
30.600000 0 0
30.610000 0 0
30.620000 0 0
30.630000 0 0
30.640000 0 0
30.650000 0 0
30.660000 0 0
30.670000 0 0
30.680000 0 0
30.690000 0 0
30.700000 0 0
30.710000 0 0
30.720000 0 0
30.730000 0 0
30.740000 0 0
30.750000 0 0
30.760000 0 0
30.770000 0 0
30.780000 0 0
30.790000 0 0
30.800000 0 0
30.810000 0 0
30.820000 0 0
30.830000 0 0
30.840000 0 0
30.850000 0 0
30.860000 0 0
30.870000 0 0
30.880000 0 0
30.890000 0 0
30.900000 0 0
30.910000 0 0
30.920000 0 0
30.930000 0 0
30.940000 0 0
30.950000 0 0
30.960000 0 0
30.970000 0 0
30.980000 0 0
30.990000 0 0
31.000000 0 0
31.010000 0 0
31.020000 0 0
31.030000 0 0
31.040000 1 0
31.050000 0 0
31.060000 0 0
31.070000 0 0
31.080000 0 0
31.090000 0 0
31.100000 0 0
31.110000 0 0
31.120000 0 0
31.130000 0 0
31.140000 0 0
31.150000 0 0
31.160000 0 0
31.170000 0 0
31.180000 0 0
31.190000 0 0
31.200000 0 0
31.210000 0 0
31.220000 0 0
31.230000 0 0
31.240000 0 0
31.250000 0 0
31.260000 0 0
31.270000 0 0
31.280000 0 0
31.290000 0 0
31.300000 0 0
31.310000 0 0
31.320000 0 0
31.330000 0 0
31.340000 0 0
31.350000 0 0
31.360000 0 0
31.370000 0 0
31.380000 0 0
31.390000 0 0
31.400000 0 0
31.410000 0 0
31.420000 0 0
31.430000 0 0
31.440000 0 0
31.450000 0 0
31.460000 0 0
31.470000 0 0
31.480000 0 0
31.490000 0 0
31.500000 0 0
31.510000 0 0
31.520000 0 0
31.530000 0 0
31.540000 0 0
31.550000 0 0
31.560000 0 0
31.570000 0 0
31.580000 0 0
31.590000 0 0
31.600000 0 0
31.610000 0 0
31.620000 0 0
31.630000 0 0
31.640000 0 0
31.650000 0 0
31.660000 0 0
31.670000 0 0
31.680000 0 0
31.690000 0 0
31.700000 0 0
31.710000 0 0
31.720000 0 0
31.730000 0 0
31.740000 0 0
31.750000 0 0
31.760000 0 0
31.770000 0 0
31.780000 0 0
31.790000 0 0
31.800000 0 0
31.810000 0 0
31.820000 0 0
31.830000 0 0
31.840000 4 0
31.850000 0 0
31.860000 0 0
31.870000 0 0
31.880000 2 0
31.890000 0 0
31.900000 0 0
31.910000 0 0
31.920000 0 0
31.930000 0 0
31.940000 0 0
31.950000 0 0
31.960000 0 0
31.970000 0 0
31.980000 0 0
31.990000 0 0
32.000000 0 0
32.010000 2 0
32.020000 0 0
32.030000 0 0
32.040000 0 0
32.050000 0 0
32.060000 0 0
32.070000 0 0
32.080000 0 0
32.090000 0 0
32.100000 0 0
32.110000 1 0
32.120000 0 0
32.130000 0 0
32.140000 0 0
32.150000 1 0
32.160000 0 0
32.170000 0 0
32.180000 0 0
32.190000 0 0
32.200000 0 0
32.210000 0 0
32.220000 0 0
32.230000 0 0
32.240000 0 0
32.250000 0 0
32.260000 0 0
32.270000 0 0
32.280000 0 0
32.290000 0 0
32.300000 0 0
32.310000 0 0
32.320000 0 0
32.330000 0 0
32.340000 0 0
32.350000 0 0
32.360000 0 0
32.370000 0 0
32.380000 0 0
32.390000 0 0
32.400000 0 0
32.410000 0 0
32.420000 0 0
32.430000 0 0
32.440000 0 0
32.450000 0 0
32.460000 0 0
32.470000 0 0
32.480000 0 0
32.490000 0 0
32.500000 0 0
32.510000 0 0
32.520000 0 0
32.530000 0 0
32.540000 0 0
32.550000 0 0
32.560000 0 0
32.570000 0 0
32.580000 0 0
32.590000 0 0
32.600000 0 0
32.610000 0 0
32.620000 0 0
32.630000 0 0
32.640000 0 0
32.650000 0 0
32.660000 0 0
32.670000 0 0
32.680000 0 0
32.690000 4 0
32.700000 0 0
32.710000 0 0
32.720000 0 0
32.730000 0 0
32.740000 5 0
32.750000 0 0
32.760000 0 0
32.770000 0 0
32.780000 0 0
32.790000 0 0
32.800000 0 0
32.810000 0 0
32.820000 0 0
32.830000 0 0
32.840000 1 0
32.850000 0 0
32.860000 0 0
32.870000 0 0
32.880000 0 0
32.890000 0 0
32.900000 0 0
32.910000 0 0
32.920000 0 0
32.930000 0 0
32.940000 0 0
32.950000 0 0
32.960000 0 0
32.970000 0 0
32.980000 0 0
32.990000 0 0
33.000000 0 0
33.010000 0 0
33.020000 0 0
33.030000 0 0
33.040000 0 0
33.050000 0 0
33.060000 0 0
33.070000 0 0
33.080000 0 0
33.090000 0 0
33.100000 0 0
33.110000 0 0
33.120000 0 0
33.130000 1 0
33.140000 0 0
33.150000 0 0
33.160000 0 0
33.170000 0 0
33.180000 0 0
33.190000 0 0
33.200000 0 0
33.210000 0 0
33.220000 0 0
33.230000 0 0
33.240000 0 0
33.250000 0 0
33.260000 0 0
33.270000 0 0
33.280000 0 0
33.290000 0 0
33.300000 0 0
33.310000 0 0
33.320000 0 0
33.330000 0 0
33.340000 0 0
33.350000 0 0
33.360000 0 0
33.370000 0 0
33.380000 0 0
33.390000 0 0
33.400000 0 0
33.410000 0 0
33.420000 0 0
33.430000 3 0
33.440000 0 0
33.450000 0 0
33.460000 0 0
33.470000 0 0
33.480000 0 0
33.490000 0 0
33.500000 2 0
33.510000 0 0
33.520000 0 0
33.530000 1 0
33.540000 0 0
33.550000 0 0
33.560000 0 0
33.570000 0 0
33.580000 0 0
33.590000 0 0
33.600000 0 0
33.610000 0 0
33.620000 2 0
33.630000 0 0
33.640000 0 0
33.650000 0 0
33.660000 0 0
33.670000 0 0
33.680000 0 0
33.690000 0 0
33.700000 0 0
33.710000 0 0
33.720000 0 0
33.730000 0 0
33.740000 0 0
33.750000 0 0
33.760000 0 0
33.770000 0 0
33.780000 0 0
33.790000 0 0
33.800000 0 0
33.810000 0 0
33.820000 0 0
33.830000 0 0
33.840000 0 0
33.850000 0 0
33.860000 0 0
33.870000 0 0
33.880000 0 0
33.890000 0 0
33.900000 0 0
33.910000 0 0
33.920000 0 0
33.930000 0 0
33.940000 0 0
33.950000 0 0
33.960000 0 0
33.970000 0 0
33.980000 0 0
33.990000 0 0
34.000000 0 0
34.010000 0 0
34.020000 0 0
34.030000 0 0
34.040000 0 0
34.050000 0 0
34.060000 0 0
34.070000 0 0
34.080000 0 0
34.090000 0 0
34.100000 0 0
34.110000 0 0
34.120000 0 0
34.130000 0 0
34.140000 0 0
34.150000 0 0
34.160000 0 0
34.170000 0 0
34.180000 0 0
34.190000 0 0
34.200000 0 0
34.210000 0 0
34.220000 0 0
34.230000 0 0
34.240000 0 0
34.250000 0 0
34.260000 0 0
34.270000 0 0
34.280000 0 0
34.290000 0 0
34.300000 0 0
34.310000 0 0
34.320000 0 0
34.330000 0 0
34.340000 0 0
34.350000 0 0
34.360000 0 0
34.370000 0 0
34.380000 0 0
34.390000 0 0
34.400000 0 0
34.410000 0 0
34.420000 0 0
34.430000 0 0
34.440000 0 0
34.450000 0 0
34.460000 0 0
34.470000 0 0
34.480000 0 0
34.490000 0 0
34.500000 0 0
34.510000 0 0
34.520000 0 0
34.530000 0 0
34.540000 0 0
34.550000 0 0
34.560000 0 0
34.570000 0 0
34.580000 0 0
34.590000 0 0
34.600000 0 0
34.610000 0 0
34.620000 0 0
34.630000 0 0
34.640000 0 0
34.650000 0 0
34.660000 0 0
34.670000 0 0
34.680000 0 0
34.690000 0 0
34.700000 0 0
34.710000 0 0
34.720000 0 0
34.730000 0 0
34.740000 0 0
34.750000 0 0
34.760000 0 0
34.770000 0 0
34.780000 0 0
34.790000 0 0
34.800000 0 0
34.810000 0 0
34.820000 0 0
34.830000 0 0
34.840000 0 0
34.850000 0 0
34.860000 0 0
34.870000 0 0
34.880000 0 0
34.890000 0 0
34.900000 0 0
34.910000 0 0
34.920000 0 0
34.930000 0 0
34.940000 0 0
34.950000 0 0
34.960000 0 0
34.970000 0 0
34.980000 0 0
34.990000 0 0
35.000000 0 0
35.010000 0 0
35.020000 0 0
35.030000 0 0
35.040000 0 0
35.050000 0 0
35.060000 0 0
35.070000 0 0
35.080000 0 0
35.090000 0 0
35.100000 0 0
35.110000 0 0
35.120000 0 0
35.130000 0 0
35.140000 0 0
35.150000 0 0
35.160000 0 0
35.170000 0 0
35.180000 0 0
35.190000 0 0
35.200000 0 0
35.210000 0 0
35.220000 0 0
35.230000 0 0
35.240000 0 0
35.250000 0 0
35.260000 0 0
35.270000 0 0
35.280000 0 0
35.290000 0 0
35.300000 0 0
35.310000 0 0
35.320000 0 0
35.330000 0 0
35.340000 0 0
35.350000 0 0
35.360000 0 0
35.370000 0 0
35.380000 0 0
35.390000 0 0
35.400000 0 0
35.410000 0 0
35.420000 0 0
35.430000 0 0
35.440000 0 0
35.450000 0 0
35.460000 0 0
35.470000 0 0
35.480000 0 0
35.490000 0 0
35.500000 0 0
35.510000 0 0
35.520000 0 0
35.530000 0 0
35.540000 0 0
35.550000 0 0
35.560000 0 0
35.570000 0 0
35.580000 0 0
35.590000 0 0
35.600000 0 0
35.610000 0 0
35.620000 0 0
35.630000 0 0
35.640000 0 0
35.650000 0 0
35.660000 0 0
35.670000 0 0
35.680000 0 0
35.690000 0 0
35.700000 0 0
35.710000 0 0
35.720000 0 0
35.730000 0 0
35.740000 0 0
35.750000 0 0
35.760000 0 0
35.770000 0 0
35.780000 0 0
35.790000 0 0
35.800000 0 0
35.810000 0 0
35.820000 0 0
35.830000 0 0
35.840000 0 0
35.850000 0 0
35.860000 0 0
35.870000 0 0
35.880000 0 0
35.890000 0 0
35.900000 0 0
35.910000 0 0
35.920000 0 0
35.930000 0 0
35.940000 0 0
35.950000 0 0
35.960000 0 0
35.970000 0 0
35.980000 0 0
35.990000 0 0
36.000000 0 0
36.010000 0 0
36.020000 0 0
36.030000 0 0
36.040000 0 0
36.050000 0 0
36.060000 0 0
36.070000 0 0
36.080000 0 0
36.090000 0 0
36.100000 0 0
36.110000 0 0
36.120000 0 0
36.130000 0 0
36.140000 0 0
36.150000 0 0
36.160000 0 0
36.170000 0 0
36.180000 0 0
36.190000 0 0
36.200000 0 0
36.210000 0 0
36.220000 0 0
36.230000 0 0
36.240000 0 0
36.250000 0 0
36.260000 0 0
36.270000 0 0
36.280000 0 0
36.290000 0 0
36.300000 0 0
36.310000 0 0
36.320000 0 0
36.330000 0 0
36.340000 0 0
36.350000 0 0
36.360000 0 0
36.370000 0 0
36.380000 0 0
36.390000 0 0
36.400000 0 0
36.410000 0 0
36.420000 0 0
36.430000 0 0
36.440000 0 0
36.450000 0 0
36.460000 0 0
36.470000 0 0
36.480000 0 0
36.490000 0 0
36.500000 0 0
36.510000 0 0
36.520000 0 0
36.530000 0 0
36.540000 0 0
36.550000 0 0
36.560000 0 0
36.570000 0 0
36.580000 0 0
36.590000 0 0
36.600000 0 0
36.610000 0 0
36.620000 0 0
36.630000 0 0
36.640000 0 0
36.650000 0 0
36.660000 0 0
36.670000 0 0
36.680000 0 0
36.690000 0 0
36.700000 0 0
36.710000 0 0
36.720000 0 0
36.730000 0 0
36.740000 0 0
36.750000 0 0
36.760000 0 0
36.770000 0 0
36.780000 0 0
36.790000 0 0
36.800000 0 0
36.810000 0 0
36.820000 0 0
36.830000 0 0
36.840000 0 0
36.850000 0 0
36.860000 0 0
36.870000 0 0
36.880000 0 0
36.890000 0 0
36.900000 0 0
36.910000 0 0
36.920000 0 0
36.930000 0 0
36.940000 0 0
36.950000 0 0
36.960000 0 0
36.970000 0 0
36.980000 0 0
36.990000 0 0
37.000000 0 0
37.010000 0 0
37.020000 0 0
37.030000 0 0
37.040000 0 0
37.050000 0 0
37.060000 0 0
37.070000 0 0
37.080000 0 0
37.090000 0 0
37.100000 0 0
37.110000 0 0
37.120000 0 0
37.130000 0 0
37.140000 0 0
37.150000 0 0
37.160000 0 0
37.170000 0 0
37.180000 0 0
37.190000 0 0
37.200000 0 0
37.210000 0 0
37.220000 0 0
37.230000 0 0
37.240000 0 0
37.250000 0 0
37.260000 0 0
37.270000 0 0
37.280000 0 0
37.290000 0 0
37.300000 0 0
37.310000 0 0
37.320000 0 0
37.330000 0 0
37.340000 0 0
37.350000 0 0
37.360000 0 0
37.370000 0 0
37.380000 0 0
37.390000 0 0
37.400000 0 0
37.410000 0 0
37.420000 0 0
37.430000 0 0
37.440000 0 0
37.450000 0 0
37.460000 0 0
37.470000 0 0
37.480000 0 0
37.490000 0 0
37.500000 0 0
37.510000 0 0
37.520000 0 0
37.530000 0 0
37.540000 0 0
37.550000 0 0
37.560000 0 0
37.570000 0 0
37.580000 0 0
37.590000 0 0
37.600000 0 0
37.610000 0 0
37.620000 0 0
37.630000 0 0
37.640000 0 0
37.650000 0 0
37.660000 0 0
37.670000 0 0
37.680000 0 0
37.690000 0 0
37.700000 0 0
37.710000 0 0
37.720000 0 0
37.730000 0 0
37.740000 0 0
37.750000 0 0
37.760000 0 0
37.770000 0 0
37.780000 0 0
37.790000 0 0
37.800000 0 0
37.810000 0 0
37.820000 0 0
37.830000 0 0
37.840000 0 0
37.850000 0 0
37.860000 0 0
37.870000 0 0
37.880000 0 0
37.890000 0 0
37.900000 0 0
37.910000 0 0
37.920000 0 0
37.930000 0 0
37.940000 0 0
37.950000 0 0
37.960000 0 0
37.970000 0 0
37.980000 0 0
37.990000 0 0
38.000000 0 0
38.010000 0 0
38.020000 0 0
38.030000 0 0
38.040000 0 0
38.050000 0 0
38.060000 0 0
38.070000 0 0
38.080000 0 0
38.090000 0 0
38.100000 0 0
38.110000 0 0
38.120000 0 0
38.130000 0 0
38.140000 0 0
38.150000 0 0
38.160000 0 0
38.170000 0 0
38.180000 0 0
38.190000 0 0
38.200000 0 0
38.210000 0 0
38.220000 0 0
38.230000 0 0
38.240000 0 0
38.250000 0 0
38.260000 0 0
38.270000 0 0
38.280000 0 0
38.290000 0 0
38.300000 0 0
38.310000 0 0
38.320000 0 0
38.330000 0 0
38.340000 0 0
38.350000 0 0
38.360000 0 0
38.370000 0 0
38.380000 0 0
38.390000 0 0
38.400000 0 0
38.410000 0 0
38.420000 0 0
38.430000 0 0
38.440000 0 0
38.450000 0 0
38.460000 0 0
38.470000 0 0
38.480000 0 0
38.490000 0 0
38.500000 0 0
38.510000 0 0
38.520000 0 0
38.530000 0 0
38.540000 0 0
38.550000 0 0
38.560000 0 0
38.570000 0 0
38.580000 0 0
38.590000 0 0
38.600000 0 0
38.610000 0 0
38.620000 0 0
38.630000 0 0
38.640000 0 0
38.650000 0 0
38.660000 0 0
38.670000 0 0
38.680000 0 0
38.690000 0 0
38.700000 0 0
38.710000 0 0
38.720000 0 0
38.730000 0 0
38.740000 0 0
38.750000 0 0
38.760000 0 0
38.770000 0 0
38.780000 0 0
38.790000 0 0
38.800000 0 0
38.810000 0 0
38.820000 0 0
38.830000 0 0
38.840000 0 0
38.850000 0 0
38.860000 0 0
38.870000 0 0
38.880000 0 0
38.890000 0 0
38.900000 0 0
38.910000 0 0
38.920000 0 0
38.930000 0 0
38.940000 0 0
38.950000 0 0
38.960000 0 0
38.970000 0 0
38.980000 0 0
38.990000 0 0
39.000000 0 0
39.010000 0 0
39.020000 0 0
39.030000 0 0
39.040000 0 0
39.050000 0 0
39.060000 0 0
39.070000 0 0
39.080000 0 0
39.090000 0 0
39.100000 0 0
39.110000 0 0
39.120000 0 0
39.130000 0 0
39.140000 0 0
39.150000 0 0
39.160000 0 0
39.170000 0 0
39.180000 0 0
39.190000 0 0
39.200000 0 0
39.210000 0 0
39.220000 0 0
39.230000 0 0
39.240000 0 0
39.250000 0 0
39.260000 0 0
39.270000 0 0
39.280000 0 0
39.290000 0 0
39.300000 0 0
39.310000 0 0
39.320000 0 0
39.330000 0 0
39.340000 0 0
39.350000 0 0
39.360000 0 0
39.370000 0 0
39.380000 0 0
39.390000 0 0
39.400000 0 0
39.410000 0 0
39.420000 0 0
39.430000 0 0
39.440000 0 0
39.450000 0 0
39.460000 0 0
39.470000 0 0
39.480000 0 0
39.490000 0 0
39.500000 0 0
39.510000 0 0
39.520000 0 0
39.530000 0 0
39.540000 0 0
39.550000 0 0
39.560000 0 0
39.570000 0 0
39.580000 0 0
39.590000 0 0
39.600000 0 0
39.610000 0 0
39.620000 0 0
39.630000 0 0
39.640000 0 0
39.650000 0 0
39.660000 0 0
39.670000 0 0
39.680000 0 0
39.690000 0 0
39.700000 0 0
39.710000 0 0
39.720000 0 0
39.730000 0 0
39.740000 0 0
39.750000 0 0
39.760000 0 0
39.770000 0 0
39.780000 0 0
39.790000 0 0
39.800000 0 0
39.810000 0 0
39.820000 0 0
39.830000 0 0
39.840000 0 0
39.850000 0 0
39.860000 0 0
39.870000 0 0
39.880000 0 0
39.890000 0 0
39.900000 0 0
39.910000 0 0
39.920000 0 0
39.930000 0 0
39.940000 0 0
39.950000 0 0
39.960000 0 0
39.970000 0 0
39.980000 0 0
39.990000 0 0
40.000000 0 0
40.010000 0 0
40.020000 0 0
40.030000 0 0
40.040000 0 0
40.050000 0 0
40.060000 0 0
40.070000 0 0
40.080000 0 0
40.090000 0 0
40.100000 0 0
40.110000 0 0
40.120000 0 0
40.130000 0 0
40.140000 0 0
40.150000 0 0
40.160000 0 0
40.170000 0 0
40.180000 0 0
40.190000 0 0
40.200000 0 0
40.210000 0 0
40.220000 0 0
40.230000 0 0
40.240000 0 0
40.250000 0 0
40.260000 0 0
40.270000 0 0
40.280000 0 0
40.290000 0 0
40.300000 0 0
40.310000 0 0
40.320000 0 0
40.330000 0 0
40.340000 0 0
40.350000 0 0
40.360000 0 0
40.370000 0 0
40.380000 0 0
40.390000 0 0
40.400000 0 0
40.410000 0 0
40.420000 0 0
40.430000 0 0
40.440000 0 0
40.450000 0 0
40.460000 0 0
40.470000 0 0
40.480000 0 0
40.490000 0 0
40.500000 0 0
40.510000 0 0
40.520000 0 0
40.530000 0 0
40.540000 0 0
40.550000 0 0
40.560000 0 0
40.570000 0 0
40.580000 0 0
40.590000 0 0
40.600000 0 0
40.610000 0 0
40.620000 0 0
40.630000 0 0
40.640000 0 0
40.650000 0 0
40.660000 0 0
40.670000 0 0
40.680000 0 0
40.690000 0 0
40.700000 0 0
40.710000 0 0
40.720000 0 0
40.730000 0 0
40.740000 0 0
40.750000 0 0
40.760000 0 0
40.770000 0 0
40.780000 0 0
40.790000 0 0
40.800000 0 0
40.810000 0 0
40.820000 0 0
40.830000 0 0
40.840000 0 0
40.850000 0 0
40.860000 0 0
40.870000 0 0
40.880000 0 0
40.890000 0 0
40.900000 0 0
40.910000 0 0
40.920000 0 0
40.930000 0 0
40.940000 0 0
40.950000 0 0
40.960000 0 0
40.970000 0 0
40.980000 0 0
40.990000 0 0
41.000000 0 0
41.010000 0 0
41.020000 0 0
41.030000 0 0
41.040000 0 0
41.050000 0 0
41.060000 0 0
41.070000 0 0
41.080000 0 0
41.090000 0 0
41.100000 0 0
41.110000 0 0
41.120000 0 0
41.130000 0 0
41.140000 0 0
41.150000 0 0
41.160000 0 0
41.170000 0 0
41.180000 0 0
41.190000 0 0
41.200000 0 0
41.210000 0 0
41.220000 0 0
41.230000 0 0
41.240000 0 0
41.250000 0 0
41.260000 0 0
41.270000 0 0
41.280000 0 0
41.290000 0 0
41.300000 0 0
41.310000 0 0
41.320000 0 0
41.330000 0 0
41.340000 0 0
41.350000 0 0
41.360000 0 0
41.370000 0 0
41.380000 0 0
41.390000 0 0
41.400000 0 0
41.410000 0 0
41.420000 0 0
41.430000 0 0
41.440000 0 0
41.450000 0 0
41.460000 0 0
41.470000 0 0
41.480000 0 0
41.490000 0 0
41.500000 0 0
41.510000 0 0
41.520000 0 0
41.530000 0 0
41.540000 0 0
41.550000 0 0
41.560000 0 0
41.570000 0 0
41.580000 0 0
41.590000 0 0
41.600000 0 0
41.610000 0 0
41.620000 0 0
41.630000 0 0
41.640000 0 0
41.650000 0 0
41.660000 0 0
41.670000 0 0
41.680000 0 0
41.690000 0 0
41.700000 0 0
41.710000 0 0
41.720000 0 0
41.730000 0 0
41.740000 0 0
41.750000 0 0
41.760000 0 0
41.770000 0 0
41.780000 0 0
41.790000 0 0
41.800000 0 0
41.810000 0 0
41.820000 0 0
41.830000 0 0
41.840000 0 0
41.850000 0 0
41.860000 0 0
41.870000 0 0
41.880000 0 0
41.890000 0 0
41.900000 0 0
41.910000 0 0
41.920000 0 0
41.930000 0 0
41.940000 0 0
41.950000 0 0
41.960000 0 0
41.970000 0 0
41.980000 0 0
41.990000 0 0
42.000000 0 0
42.010000 0 0
42.020000 0 0
42.030000 0 0
42.040000 0 0
42.050000 0 0
42.060000 0 0
42.070000 0 0
42.080000 0 0
42.090000 0 0
42.100000 0 0
42.110000 0 0
42.120000 0 0
42.130000 0 0
42.140000 0 0
42.150000 0 0
42.160000 0 0
42.170000 0 0
42.180000 0 0
42.190000 0 0
42.200000 0 0
42.210000 0 0
42.220000 0 0
42.230000 0 0
42.240000 0 0
42.250000 0 0
42.260000 0 0
42.270000 0 0
42.280000 0 0
42.290000 0 0
42.300000 0 0
42.310000 0 0
42.320000 0 0
42.330000 0 0
42.340000 0 0
42.350000 0 0
42.360000 0 0
42.370000 0 0
42.380000 0 0
42.390000 0 0
42.400000 0 0
42.410000 0 0
42.420000 0 0
42.430000 0 0
42.440000 0 0
42.450000 0 0
42.460000 0 0
42.470000 0 0
42.480000 0 0
42.490000 0 0
42.500000 0 0
42.510000 0 0
42.520000 0 0
42.530000 0 0
42.540000 0 0
42.550000 0 0
42.560000 0 0
42.570000 0 0
42.580000 0 0
42.590000 0 0
42.600000 0 0
42.610000 0 0
42.620000 0 0
42.630000 0 0
42.640000 0 0
42.650000 0 0
42.660000 0 0
42.670000 0 0
42.680000 0 0
42.690000 0 0
42.700000 0 0
42.710000 0 0
42.720000 0 0
42.730000 0 0
42.740000 0 0
42.750000 0 0
42.760000 0 0
42.770000 0 0
42.780000 0 0
42.790000 0 0
42.800000 0 0
42.810000 0 0
42.820000 0 0
42.830000 0 0
42.840000 0 0
42.850000 0 0
42.860000 0 0
42.870000 0 0
42.880000 0 0
42.890000 0 0
42.900000 0 0
42.910000 0 0
42.920000 0 0
42.930000 0 0
42.940000 0 0
42.950000 0 0
42.960000 0 0
42.970000 0 0
42.980000 0 0
42.990000 0 0
43.000000 0 0
43.010000 0 0
43.020000 0 0
43.030000 0 0
43.040000 0 0
43.050000 0 0
43.060000 0 0
43.070000 0 0
43.080000 0 0
43.090000 0 0
43.100000 0 0
43.110000 0 0
43.120000 0 0
43.130000 0 0
43.140000 0 0
43.150000 0 0
43.160000 0 0
43.170000 0 0
43.180000 0 0
43.190000 0 0
43.200000 0 0
43.210000 0 0
43.220000 0 0
43.230000 0 0
43.240000 0 0
43.250000 0 0
43.260000 0 0
43.270000 0 0
43.280000 0 0
43.290000 0 0
43.300000 0 0
43.310000 0 0
43.320000 0 0
43.330000 0 0
43.340000 0 0
43.350000 0 0
43.360000 0 0
43.370000 0 0
43.380000 0 0
43.390000 0 0
43.400000 0 0
43.410000 0 0
43.420000 0 0
43.430000 0 0
43.440000 0 0
43.450000 0 0
43.460000 0 0
43.470000 0 0
43.480000 0 0
43.490000 0 0
43.500000 0 0
43.510000 0 0
43.520000 0 0
43.530000 0 0
43.540000 0 0
43.550000 0 0
43.560000 0 0
43.570000 0 0
43.580000 0 0
43.590000 0 0
43.600000 0 0
43.610000 0 0
43.620000 0 0
43.630000 0 0
43.640000 0 0
43.650000 0 0
43.660000 0 0
43.670000 0 0
43.680000 0 0
43.690000 0 0
43.700000 0 0
43.710000 0 0
43.720000 0 0
43.730000 0 0
43.740000 0 0
43.750000 0 0
43.760000 0 0
43.770000 0 0
43.780000 0 0
43.790000 0 0
43.800000 0 0
43.810000 0 0
43.820000 0 0
43.830000 0 0
43.840000 0 0
43.850000 0 0
43.860000 0 0
43.870000 0 0
43.880000 0 0
43.890000 0 0
43.900000 0 0
43.910000 0 0
43.920000 0 0
43.930000 0 0
43.940000 0 0
43.950000 0 0
43.960000 0 0
43.970000 0 0
43.980000 0 0
43.990000 0 0
44.000000 0 0
44.010000 0 0
44.020000 0 0
44.030000 0 0
44.040000 0 0
44.050000 0 0
44.060000 0 0
44.070000 0 0
44.080000 0 0
44.090000 0 0
44.100000 0 0
44.110000 0 0
44.120000 0 0
44.130000 0 0
44.140000 0 0
44.150000 0 0
44.160000 0 0
44.170000 0 0
44.180000 0 0
44.190000 0 0
44.200000 0 0
44.210000 0 0
44.220000 0 0
44.230000 0 0
44.240000 0 0
44.250000 0 0
44.260000 0 0
44.270000 0 0
44.280000 0 0
44.290000 0 0
44.300000 0 0
44.310000 0 0
44.320000 0 0
44.330000 0 0
44.340000 0 0
44.350000 0 0
44.360000 0 0
44.370000 0 0
44.380000 0 0
44.390000 0 0
44.400000 0 0
44.410000 0 0
44.420000 0 0
44.430000 0 0
44.440000 0 0
44.450000 0 0
44.460000 0 0
44.470000 0 0
44.480000 0 0
44.490000 0 0
44.500000 0 0
44.510000 0 0
44.520000 0 0
44.530000 0 0
44.540000 0 0
44.550000 0 0
44.560000 0 0
44.570000 0 0
44.580000 0 0
44.590000 0 0
44.600000 0 0
44.610000 0 0
44.620000 0 0
44.630000 0 0
44.640000 0 0
44.650000 0 0
44.660000 0 0
44.670000 0 0
44.680000 0 0
44.690000 0 0
44.700000 0 0
44.710000 0 0
44.720000 0 0
44.730000 0 0
44.740000 0 0
44.750000 0 0
44.760000 0 0
44.770000 0 0
44.780000 0 0
44.790000 0 0
44.800000 0 0
44.810000 0 0
44.820000 0 0
44.830000 0 0
44.840000 0 0
44.850000 0 0
44.860000 0 0
44.870000 0 0
44.880000 0 0
44.890000 0 0
44.900000 0 0
44.910000 0 0
44.920000 0 0
44.930000 0 0
44.940000 0 0
44.950000 0 0
44.960000 0 0
44.970000 0 0
44.980000 0 0
44.990000 0 0
45.000000 0 0
45.010000 0 0
45.020000 0 0
45.030000 0 0
45.040000 0 0
45.050000 0 0
45.060000 0 0
45.070000 0 0
45.080000 0 0
45.090000 0 0
45.100000 0 0
45.110000 0 0
45.120000 0 0
45.130000 0 0
45.140000 0 0
45.150000 0 0
45.160000 0 0
45.170000 0 0
45.180000 0 0
45.190000 0 0
45.200000 0 0
45.210000 0 0
45.220000 0 0
45.230000 0 0
45.240000 0 0
45.250000 0 0
45.260000 0 0
45.270000 0 0
45.280000 0 0
45.290000 0 0
45.300000 0 0
45.310000 0 0
45.320000 0 0
45.330000 0 0
45.340000 0 0
45.350000 0 0
45.360000 0 0
45.370000 0 0
45.380000 0 0
45.390000 0 0
45.400000 0 0
45.410000 0 0
45.420000 0 0
45.430000 0 0
45.440000 0 0
45.450000 0 0
45.460000 0 0
45.470000 0 0
45.480000 0 0
45.490000 0 0
45.500000 0 0
45.510000 0 0
45.520000 0 0
45.530000 0 0
45.540000 0 0
45.550000 0 0
45.560000 0 0
45.570000 0 0
45.580000 1 0
45.590000 4 0
45.600000 0 0
45.610000 0 0
45.620000 0 0
45.630000 0 0
45.640000 0 0
45.650000 0 0
45.660000 0 0
45.670000 0 0
45.680000 0 0
45.690000 0 0
45.700000 0 0
45.710000 0 0
45.720000 0 0
45.730000 0 0
45.740000 1 0
45.750000 1 0
45.760000 0 0
45.770000 0 0
45.780000 0 0
45.790000 4 0
45.800000 11 0
45.810000 0 0
45.820000 0 0
45.830000 0 0
45.840000 2 0
45.850000 3 0
45.860000 1 0
45.870000 0 0
45.880000 0 0
45.890000 0 0
45.900000 0 0
45.910000 2 0
45.920000 0 0
45.930000 2 0
45.940000 0 0
45.950000 0 0
45.960000 1 0
45.970000 2 0
45.980000 4 0
45.990000 0 0
46.000000 0 0
46.010000 1 0
46.020000 1 0
46.030000 4 0
46.040000 6 0
46.050000 5 0
46.060000 0 0
46.070000 4 0
46.080000 2 0
46.090000 1 0
46.100000 0 0
46.110000 3 0
46.120000 7 0
46.130000 3 0
46.140000 1 0
46.150000 0 0
46.160000 2 0
46.170000 4 0
46.180000 5 0
46.190000 2 0
46.200000 4 0
46.210000 7 0
46.220000 6 0
46.230000 8 0
46.240000 4 0
46.250000 3 0
46.260000 1 0
46.270000 6 0
46.280000 12 0
46.290000 9 0
46.300000 10 0
46.310000 4 0
46.320000 6 0
46.330000 1 0
46.340000 6 0
46.350000 13 0
46.360000 9 0
46.370000 9 0
46.380000 7 0
46.390000 8 0
46.400000 11 0
46.410000 17 0
46.420000 15 0
46.430000 10 0
46.440000 6 0
46.450000 8 0
46.460000 7 0
46.470000 11 0
46.480000 12 0
46.490000 18 0
46.500000 21 0
46.510000 14 0
46.520000 14 0
46.530000 11 0
46.540000 7 0
46.550000 9 0
46.560000 8 0
46.570000 14 0
46.580000 14 0
46.590000 9 0
46.600000 14 0
46.610000 9 0
46.620000 11 0
46.630000 13 0
46.640000 11 0
46.650000 10 0
46.660000 16 0
46.670000 19 0
46.680000 17 0
46.690000 12 0
46.700000 19 0
46.710000 14 0
46.720000 10 0
46.730000 10 0
46.740000 19 0
46.750000 17 0
46.760000 16 0
46.770000 19 0
46.780000 15 0
46.790000 15 0
46.800000 20 0
46.810000 24 0
46.820000 18 0
46.830000 18 0
46.840000 23 0
46.850000 24 0
46.860000 24 0
46.870000 20 0
46.880000 24 0
46.890000 15 0
46.900000 19 0
46.910000 24 0
46.920000 29 2
46.930000 22 0
46.940000 22 0
46.950000 26 0
46.960000 17 0
46.970000 21 0
46.980000 22 0
46.990000 18 0
47.000000 16 0
47.010000 15 0
47.020000 8 0
47.030000 4 0
47.040000 0 0
47.050000 1 0
47.060000 2 0
47.070000 6 0
47.080000 6 0
47.090000 0 0
47.100000 0 0
47.110000 1 0
47.120000 3 0
47.130000 6 0
47.140000 1 0
47.150000 0 0
47.160000 6 0
47.170000 8 0
47.180000 7 0
47.190000 0 0
47.200000 7 0
47.210000 5 0
47.220000 3 0
47.230000 0 0
47.240000 4 0
47.250000 1 0
47.260000 4 0
47.270000 3 0
47.280000 1 0
47.290000 1 0
47.300000 1 0
47.310000 3 0
47.320000 9 0
47.330000 7 0
47.340000 0 0
47.350000 4 0
47.360000 9 0
47.370000 4 0
47.380000 7 0
47.390000 3 0
47.400000 0 0
47.410000 1 0
47.420000 7 0
47.430000 6 0
47.440000 8 0
47.450000 8 0
47.460000 5 0
47.470000 2 0
47.480000 2 0
47.490000 9 0
47.500000 16 0
47.510000 10 0
47.520000 10 0
47.530000 6 0
47.540000 2 0
47.550000 0 0
47.560000 5 0
47.570000 7 0
47.580000 6 0
47.590000 5 0
47.600000 3 0
47.610000 5 0
47.620000 6 0
47.630000 9 0
47.640000 9 0
47.650000 6 0
47.660000 5 0
47.670000 7 0
47.680000 6 0
47.690000 11 0
47.700000 8 0
47.710000 5 0
47.720000 5 0
47.730000 8 0
47.740000 10 0
47.750000 7 0
47.760000 5 0
47.770000 10 0
47.780000 12 0
47.790000 11 0
47.800000 11 0
47.810000 8 0
47.820000 7 0
47.830000 11 0
47.840000 13 0
47.850000 11 0
47.860000 12 0
47.870000 5 0
47.880000 9 0
47.890000 12 0
47.900000 14 0
47.910000 9 0
47.920000 8 0
47.930000 9 0
47.940000 7 0
47.950000 14 0
47.960000 10 0
47.970000 9 0
47.980000 7 0
47.990000 6 0
48.000000 4 0
48.010000 3 0
48.020000 5 0
48.030000 11 0
48.040000 8 0
48.050000 8 0
48.060000 11 0
48.070000 14 0
48.080000 16 0
48.090000 15 0
48.100000 14 0
48.110000 12 0
48.120000 10 0
48.130000 10 0
48.140000 9 0
48.150000 9 0
48.160000 13 0
48.170000 14 0
48.180000 11 0
48.190000 14 0
48.200000 11 0
48.210000 10 0
48.220000 10 0
48.230000 14 0
48.240000 11 0
48.250000 14 0
48.260000 15 0
48.270000 14 0
48.280000 14 0
48.290000 14 0
48.300000 14 0
48.310000 6 0
48.320000 12 0
48.330000 17 0
48.340000 9 0
48.350000 11 0
48.360000 14 0
48.370000 13 0
48.380000 5 0
48.390000 14 0
48.400000 16 0
48.410000 17 0
48.420000 17 0
48.430000 15 0
48.440000 14 0
48.450000 10 0
48.460000 17 0
48.470000 10 0
48.480000 16 0
48.490000 17 0
48.500000 17 0
48.510000 17 0
48.520000 15 0
48.530000 9 0
48.540000 17 0
48.550000 13 0
48.560000 10 0
48.570000 23 0
48.580000 20 0
48.590000 13 0
48.600000 12 0
48.610000 14 0
48.620000 23 0
48.630000 18 0
48.640000 16 0
48.650000 20 0
48.660000 19 0
48.670000 17 0
48.680000 18 0
48.690000 15 0
48.700000 15 0
48.710000 19 0
48.720000 19 0
48.730000 16 0
48.740000 17 0
48.750000 14 0
48.760000 16 0
48.770000 13 0
48.780000 14 0
48.790000 19 0
48.800000 20 0
48.810000 13 0
48.820000 9 0
48.830000 14 0
48.840000 20 0
48.850000 24 0
48.860000 19 0
48.870000 12 0
48.880000 10 0
48.890000 5 0
48.900000 0 0
48.910000 2 0
48.920000 0 0
48.930000 0 0
48.940000 0 0
48.950000 0 0
48.960000 0 0
48.970000 2 0
48.980000 0 0
48.990000 5 0
49.000000 0 0
49.010000 1 0
49.020000 0 0
49.030000 0 0
49.040000 6 0
49.050000 2 0
49.060000 0 0
49.070000 0 0
49.080000 0 0
49.090000 0 0
49.100000 3 0
49.110000 0 0
49.120000 0 0
49.130000 3 0
49.140000 2 0
49.150000 0 0
49.160000 0 0
49.170000 0 0
49.180000 0 0
49.190000 0 0
49.200000 0 0
49.210000 0 0
49.220000 4 0
49.230000 0 0
49.240000 0 0
49.250000 0 0
49.260000 0 0
49.270000 0 0
49.280000 0 0
49.290000 0 0
49.300000 0 0
49.310000 0 0
49.320000 0 0
49.330000 2 0
49.340000 5 0
49.350000 0 0
49.360000 0 0
49.370000 0 0
49.380000 4 0
49.390000 0 0
49.400000 4 0
49.410000 3 0
49.420000 0 0
49.430000 7 0
49.440000 7 0
49.450000 2 0
49.460000 1 0
49.470000 2 0
49.480000 4 0
49.490000 0 0
49.500000 0 0
49.510000 0 0
49.520000 2 0
49.530000 2 0
49.540000 0 0
49.550000 0 0
49.560000 3 0
49.570000 3 0
49.580000 0 0
49.590000 2 0
49.600000 3 0
49.610000 3 0
49.620000 4 0
49.630000 0 0
49.640000 2 0
49.650000 0 0
49.660000 3 0
49.670000 2 0
49.680000 3 0
49.690000 9 0
49.700000 3 0
49.710000 0 0
49.720000 0 0
49.730000 0 0
49.740000 3 0
49.750000 1 0
49.760000 6 0
49.770000 6 0
49.780000 2 0
49.790000 1 0
49.800000 0 0
49.810000 0 0
49.820000 6 0
49.830000 6 0
49.840000 1 0
49.850000 0 0
49.860000 0 0
49.870000 9 0
49.880000 14 0
49.890000 11 0
49.900000 8 0
49.910000 0 0
49.920000 3 0
49.930000 4 0
49.940000 1 0
49.950000 6 0
49.960000 2 0
49.970000 0 0
49.980000 3 0
49.990000 0 0
50.000000 7 0
50.010000 3 0
50.020000 3 0
50.030000 1 0
50.040000 0 0
50.050000 5 0
50.060000 5 0
50.070000 0 0
50.080000 5 0
50.090000 3 0
50.100000 1 0
50.110000 1 0
50.120000 0 0
50.130000 6 0
50.140000 6 0
50.150000 3 0
50.160000 0 0
50.170000 0 0
50.180000 0 0
50.190000 6 0
50.200000 5 0
50.210000 8 0
50.220000 6 0
50.230000 0 0
50.240000 1 0
50.250000 0 0
50.260000 3 0
50.270000 1 0
50.280000 3 0
50.290000 1 0
50.300000 0 0
50.310000 0 0
50.320000 0 0
50.330000 0 0
50.340000 0 0
50.350000 0 0
50.360000 0 0
50.370000 0 0
50.380000 0 0
50.390000 0 0
50.400000 0 0
50.410000 0 0
50.420000 0 0
50.430000 0 0
50.440000 0 0
50.450000 0 0
50.460000 0 0
50.470000 0 0
50.480000 0 0
50.490000 0 0
50.500000 0 0
50.510000 0 0
50.520000 0 0
50.530000 0 0
50.540000 0 0
50.550000 0 0
50.560000 0 0
50.570000 0 0
50.580000 0 0
50.590000 0 0
50.600000 0 0
50.610000 0 0
50.620000 0 0
50.630000 0 0
50.640000 0 0
50.650000 0 0
50.660000 0 0
50.670000 0 0
50.680000 0 0
50.690000 0 0
50.700000 0 0
50.710000 0 0
50.720000 0 0
50.730000 0 0
50.740000 0 0
50.750000 0 0
50.760000 0 0
50.770000 0 0
50.780000 0 0
50.790000 0 0
50.800000 0 0
50.810000 0 0
50.820000 0 0
50.830000 0 0
50.840000 0 0
50.850000 0 0
50.860000 0 0
50.870000 0 0
50.880000 0 0
50.890000 0 0
50.900000 0 0
50.910000 0 0
50.920000 0 0
50.930000 0 0
